osu file format v14

[General]
AudioFilename: audio.mp3
AudioLeadIn: 0
PreviewTime: 40400
Countdown: 0
SampleSet: None
StackLeniency: 0.7
Mode: 3
LetterboxInBreaks: 0
SpecialStyle: 0
WidescreenStoryboard: 1

[Editor]
DistanceSpacing: 0.7
BeatDivisor: 4
GridSize: 4
TimelineZoom: 1

[Metadata]
Title:snooze
TitleUnicode:snooze
Artist:wotaku feat. SHIKI
ArtistUnicode:wotaku feat. SHIKI
Creator:mystia-
Version:I
Source:
Tags:Muse Dash ONGEKI オンゲキ 音撃 wotaku SHIKI vocaloid
BeatmapID:4277621
BeatmapSetID:2048812

[Difficulty]
HPDrainRate:7.2
CircleSize:4
OverallDifficulty:7.5
ApproachRate:5
SliderMultiplier:1.4
SliderTickRate:1

[Events]
//Background and Video events
0,0,"bg6.jpg",0,0
//Break Periods
//Storyboard Layer 0 (Background)
//Storyboard Layer 1 (Fail)
//Storyboard Layer 2 (Pass)
//Storyboard Layer 3 (Foreground)
//Storyboard Layer 4 (Overlay)
//Storyboard Sound Samples

[TimingPoints]
0,400,4,1,0,100,1,0


[HitObjects]
192,192,400,128,0,2000:0:0:0:0:
320,192,2000,128,0,2400:0:0:0:0:
448,192,2400,128,0,2800:0:0:0:0:
192,192,2800,128,0,3200:0:0:0:0:
64,192,3200,128,0,3600:0:0:0:0:
448,192,3600,128,0,5200:0:0:0:0:
192,192,3600,128,0,4000:0:0:0:0:
320,192,5200,128,0,6000:0:0:0:0:
192,192,6000,128,0,6400:0:0:0:0:
320,192,6400,128,0,6600:0:0:0:0:
448,192,6600,128,0,6800:0:0:0:0:
64,192,6800,1,0,0:0:0:0:
64,192,7200,1,0,0:0:0:0:
192,192,7200,1,0,0:0:0:0:
448,192,7400,1,0,0:0:0:0:
320,192,7500,1,0,0:0:0:0:
64,192,7600,1,0,0:0:0:0:
64,192,8000,1,0,0:0:0:0:
192,192,8000,1,0,0:0:0:0:
448,192,8400,1,0,0:0:0:0:
448,192,8800,1,0,0:0:0:0:
320,192,8800,1,0,0:0:0:0:
64,192,9000,1,0,0:0:0:0:
192,192,9100,1,0,0:0:0:0:
448,192,9200,1,0,0:0:0:0:
448,192,9600,1,0,0:0:0:0:
320,192,9600,1,0,0:0:0:0:
64,192,10000,1,0,0:0:0:0:
192,192,10000,1,0,0:0:0:0:
448,192,10200,1,0,0:0:0:0:
320,192,10200,1,0,0:0:0:0:
64,192,10400,1,0,0:0:0:0:
192,192,10400,1,0,0:0:0:0:
448,192,10600,1,0,0:0:0:0:
320,192,10600,1,0,0:0:0:0:
64,192,10800,1,0,0:0:0:0:
192,192,10900,1,0,0:0:0:0:
320,192,11000,1,0,0:0:0:0:
448,192,11100,1,0,0:0:0:0:
64,192,11200,1,0,0:0:0:0:
448,192,11300,1,0,0:0:0:0:
64,192,11400,1,0,0:0:0:0:
448,192,11500,1,0,0:0:0:0:
192,192,11600,128,0,12000:0:0:0:0:
64,192,11600,128,0,12000:0:0:0:0:
320,192,13200,1,0,0:0:0:0:
448,192,13200,1,0,0:0:0:0:
64,192,13500,1,0,0:0:0:0:
192,192,13500,1,0,0:0:0:0:
320,192,13800,1,0,0:0:0:0:
448,192,13800,1,0,0:0:0:0:
64,192,14000,1,0,0:0:0:0:
192,192,14000,1,0,0:0:0:0:
320,192,14200,1,0,0:0:0:0:
448,192,14200,1,0,0:0:0:0:
192,192,14400,1,0,0:0:0:0:
64,192,14400,1,0,0:0:0:0:
320,192,14600,1,0,0:0:0:0:
448,192,14600,1,0,0:0:0:0:
64,192,14800,1,0,0:0:0:0:
192,192,14800,1,0,0:0:0:0:
320,192,14800,1,0,0:0:0:0:
448,192,14800,1,0,0:0:0:0:
192,192,15100,1,0,0:0:0:0:
448,192,15200,1,0,0:0:0:0:
64,192,15400,1,0,0:0:0:0:
448,192,15600,1,0,0:0:0:0:
320,192,15600,1,0,0:0:0:0:
64,192,15800,1,0,0:0:0:0:
448,192,16000,1,0,0:0:0:0:
192,192,16000,1,0,0:0:0:0:
320,192,16200,1,0,0:0:0:0:
64,192,16400,1,0,0:0:0:0:
192,192,16400,1,0,0:0:0:0:
448,192,16400,1,0,0:0:0:0:
320,192,16700,1,0,0:0:0:0:
64,192,16800,1,0,0:0:0:0:
448,192,17000,1,0,0:0:0:0:
64,192,17200,1,0,0:0:0:0:
192,192,17200,1,0,0:0:0:0:
320,192,17400,1,0,0:0:0:0:
64,192,17600,1,0,0:0:0:0:
192,192,17600,1,0,0:0:0:0:
320,192,17800,1,0,0:0:0:0:
448,192,18000,1,0,0:0:0:0:
64,192,18000,1,0,0:0:0:0:
320,192,18300,1,0,0:0:0:0:
64,192,18400,1,0,0:0:0:0:
448,192,18600,1,0,0:0:0:0:
64,192,18800,1,0,0:0:0:0:
192,192,18800,1,0,0:0:0:0:
320,192,19000,1,0,0:0:0:0:
448,192,19200,1,0,0:0:0:0:
64,192,19200,1,0,0:0:0:0:
320,192,19400,1,0,0:0:0:0:
448,192,19600,1,0,0:0:0:0:
192,192,19600,1,0,0:0:0:0:
64,192,19600,1,0,0:0:0:0:
192,192,19900,1,0,0:0:0:0:
448,192,20000,1,0,0:0:0:0:
320,192,20200,1,0,0:0:0:0:
448,192,20400,1,0,0:0:0:0:
64,192,20400,1,0,0:0:0:0:
192,192,20600,1,0,0:0:0:0:
448,192,20800,1,0,0:0:0:0:
320,192,20800,1,0,0:0:0:0:
192,192,20900,1,0,0:0:0:0:
64,192,21000,1,0,0:0:0:0:
320,192,21200,1,0,0:0:0:0:
448,192,21200,1,0,0:0:0:0:
192,192,21500,1,0,0:0:0:0:
64,192,21600,1,0,0:0:0:0:
320,192,21800,1,0,0:0:0:0:
192,192,22000,1,0,0:0:0:0:
448,192,22000,1,0,0:0:0:0:
320,192,22200,1,0,0:0:0:0:
64,192,22400,1,0,0:0:0:0:
192,192,22400,1,0,0:0:0:0:
320,192,22600,1,0,0:0:0:0:
448,192,22800,1,0,0:0:0:0:
192,192,22800,1,0,0:0:0:0:
320,192,23100,1,0,0:0:0:0:
448,192,23200,1,0,0:0:0:0:
192,192,23400,1,0,0:0:0:0:
320,192,23600,1,0,0:0:0:0:
64,192,23600,1,0,0:0:0:0:
192,192,23800,1,0,0:0:0:0:
64,192,24000,1,0,0:0:0:0:
448,192,24000,1,0,0:0:0:0:
320,192,24200,1,0,0:0:0:0:
64,192,24400,1,0,0:0:0:0:
192,192,24400,1,0,0:0:0:0:
320,192,24700,1,0,0:0:0:0:
64,192,24800,1,0,0:0:0:0:
320,192,25000,1,0,0:0:0:0:
64,192,25200,1,0,0:0:0:0:
192,192,25200,1,0,0:0:0:0:
320,192,25400,1,0,0:0:0:0:
448,192,25600,1,0,0:0:0:0:
192,192,25600,1,0,0:0:0:0:
64,192,25800,1,0,0:0:0:0:
320,192,26000,1,0,0:0:0:0:
448,192,26000,1,0,0:0:0:0:
320,192,26300,1,0,0:0:0:0:
64,192,26400,1,0,0:0:0:0:
320,192,26600,1,0,0:0:0:0:
64,192,26800,1,0,0:0:0:0:
192,192,26900,1,0,0:0:0:0:
320,192,27000,1,0,0:0:0:0:
448,192,27100,1,0,0:0:0:0:
64,192,27200,1,0,0:0:0:0:
192,192,27200,1,0,0:0:0:0:
448,192,27300,1,0,0:0:0:0:
320,192,27400,1,0,0:0:0:0:
192,192,27500,1,0,0:0:0:0:
64,192,27600,1,0,0:0:0:0:
448,192,27600,1,0,0:0:0:0:
448,192,27900,1,0,0:0:0:0:
64,192,28000,1,0,0:0:0:0:
320,192,28200,1,0,0:0:0:0:
64,192,28400,1,0,0:0:0:0:
448,192,28400,1,0,0:0:0:0:
320,192,28600,1,0,0:0:0:0:
192,192,28800,1,0,0:0:0:0:
64,192,28800,1,0,0:0:0:0:
320,192,29000,1,0,0:0:0:0:
448,192,29200,1,0,0:0:0:0:
64,192,29200,1,0,0:0:0:0:
192,192,29500,1,0,0:0:0:0:
448,192,29600,1,0,0:0:0:0:
64,192,29800,1,0,0:0:0:0:
448,192,30000,1,0,0:0:0:0:
320,192,30000,1,0,0:0:0:0:
192,192,30200,1,0,0:0:0:0:
320,192,30400,1,0,0:0:0:0:
64,192,30400,1,0,0:0:0:0:
192,192,30600,1,0,0:0:0:0:
320,192,30800,1,0,0:0:0:0:
448,192,30800,1,0,0:0:0:0:
320,192,31100,1,0,0:0:0:0:
64,192,31200,1,0,0:0:0:0:
448,192,31400,1,0,0:0:0:0:
64,192,31600,1,0,0:0:0:0:
192,192,31600,1,0,0:0:0:0:
320,192,31800,1,0,0:0:0:0:
64,192,32000,1,0,0:0:0:0:
448,192,32000,1,0,0:0:0:0:
192,192,32200,1,0,0:0:0:0:
448,192,32400,1,0,0:0:0:0:
320,192,32400,1,0,0:0:0:0:
192,192,32700,1,0,0:0:0:0:
448,192,32700,1,0,0:0:0:0:
192,192,33000,1,0,0:0:0:0:
448,192,33000,1,0,0:0:0:0:
192,192,33300,1,0,0:0:0:0:
320,192,33350,1,0,0:0:0:0:
64,192,33600,1,0,0:0:0:0:
192,192,33600,1,0,0:0:0:0:
320,192,33600,1,0,0:0:0:0:
448,192,33600,1,0,0:0:0:0:
64,192,34000,1,0,0:0:0:0:
448,192,34000,1,0,0:0:0:0:
192,192,34200,1,0,0:0:0:0:
320,192,34300,1,0,0:0:0:0:
448,192,34400,1,0,0:0:0:0:
64,192,34500,1,0,0:0:0:0:
192,192,34600,1,0,0:0:0:0:
320,192,34700,1,0,0:0:0:0:
448,192,34800,1,0,0:0:0:0:
320,192,34900,1,0,0:0:0:0:
192,192,35000,1,0,0:0:0:0:
448,192,35100,1,0,0:0:0:0:
64,192,35200,1,0,0:0:0:0:
192,192,35300,1,0,0:0:0:0:
320,192,35400,1,0,0:0:0:0:
64,192,35500,1,0,0:0:0:0:
448,192,35600,1,0,0:0:0:0:
320,192,35650,1,0,0:0:0:0:
192,192,35700,1,0,0:0:0:0:
448,192,35800,1,0,0:0:0:0:
64,192,35900,1,0,0:0:0:0:
192,192,35950,1,0,0:0:0:0:
320,192,36000,1,0,0:0:0:0:
64,192,36100,1,0,0:0:0:0:
448,192,36200,1,0,0:0:0:0:
320,192,36300,1,0,0:0:0:0:
64,192,36400,1,0,0:0:0:0:
192,192,36450,1,0,0:0:0:0:
320,192,36500,1,0,0:0:0:0:
448,192,36600,1,0,0:0:0:0:
192,192,36700,1,0,0:0:0:0:
320,192,36800,128,0,36900:0:0:0:0:
192,192,37000,128,0,37100:0:0:0:0:
64,192,37200,1,0,0:0:0:0:
320,192,37200,1,0,0:0:0:0:
448,192,37200,1,0,0:0:0:0:
64,192,37400,1,0,0:0:0:0:
320,192,37500,1,0,0:0:0:0:
64,192,37600,1,0,0:0:0:0:
64,192,37800,1,0,0:0:0:0:
320,192,37800,1,0,0:0:0:0:
64,192,38000,1,0,0:0:0:0:
192,192,38000,1,0,0:0:0:0:
64,192,38200,1,0,0:0:0:0:
320,192,38200,1,0,0:0:0:0:
64,192,38400,1,0,0:0:0:0:
192,192,38400,1,0,0:0:0:0:
320,192,38600,1,0,0:0:0:0:
448,192,38600,1,0,0:0:0:0:
448,192,38800,1,0,0:0:0:0:
64,192,38800,1,0,0:0:0:0:
192,192,38800,1,0,0:0:0:0:
448,192,39000,1,0,0:0:0:0:
192,192,39100,1,0,0:0:0:0:
448,192,39200,1,0,0:0:0:0:
448,192,39400,1,0,0:0:0:0:
192,192,39400,1,0,0:0:0:0:
448,192,39600,1,0,0:0:0:0:
320,192,39600,1,0,0:0:0:0:
448,192,39800,1,0,0:0:0:0:
192,192,39800,1,0,0:0:0:0:
448,192,40000,1,0,0:0:0:0:
320,192,40100,1,0,0:0:0:0:
64,192,40200,1,0,0:0:0:0:
192,192,40300,1,0,0:0:0:0:
448,192,40400,1,0,0:0:0:0:
320,192,40450,1,0,0:0:0:0:
192,192,40500,1,0,0:0:0:0:
448,192,40600,1,0,0:0:0:0:
448,192,40700,1,0,0:0:0:0:
64,192,40800,1,0,0:0:0:0:
192,192,40850,1,0,0:0:0:0:
320,192,40900,1,0,0:0:0:0:
64,192,41000,1,0,0:0:0:0:
64,192,41100,1,0,0:0:0:0:
320,192,41200,1,0,0:0:0:0:
448,192,41300,1,0,0:0:0:0:
64,192,41400,1,0,0:0:0:0:
192,192,41450,1,0,0:0:0:0:
320,192,41500,1,0,0:0:0:0:
448,192,41600,1,0,0:0:0:0:
192,192,42000,1,0,0:0:0:0:
64,192,42000,128,0,42400:0:0:0:0:
320,192,42400,128,0,42600:0:0:0:0:
192,192,42600,128,0,42800:0:0:0:0:
320,192,42900,1,0,0:0:0:0:
64,192,42900,128,0,43100:0:0:0:0:
448,192,43000,1,0,0:0:0:0:
320,192,43200,128,0,43400:0:0:0:0:
448,192,43200,1,0,0:0:0:0:
192,192,43400,128,0,43600:0:0:0:0:
448,192,43600,1,0,0:0:0:0:
192,192,43800,128,0,44000:0:0:0:0:
320,192,44000,128,0,44200:0:0:0:0:
64,192,44000,1,0,0:0:0:0:
448,192,44200,128,0,44400:0:0:0:0:
320,192,44400,128,0,44600:0:0:0:0:
192,192,44600,128,0,44800:0:0:0:0:
64,192,44800,128,0,45000:0:0:0:0:
192,192,45000,1,0,0:0:0:0:
320,192,45100,1,0,0:0:0:0:
64,192,45200,1,0,0:0:0:0:
448,192,45200,128,0,45400:0:0:0:0:
320,192,45400,128,0,45600:0:0:0:0:
192,192,45600,128,0,45800:0:0:0:0:
320,192,45800,128,0,46000:0:0:0:0:
192,192,46100,1,0,0:0:0:0:
320,192,46150,1,0,0:0:0:0:
448,192,46200,1,0,0:0:0:0:
192,192,46300,1,0,0:0:0:0:
64,192,46400,1,0,0:0:0:0:
192,192,46500,1,0,0:0:0:0:
320,192,46600,1,0,0:0:0:0:
448,192,46700,1,0,0:0:0:0:
192,192,46800,1,0,0:0:0:0:
320,192,46900,1,0,0:0:0:0:
192,192,47000,1,0,0:0:0:0:
320,192,47100,1,0,0:0:0:0:
64,192,47200,1,0,0:0:0:0:
448,192,47300,1,0,0:0:0:0:
64,192,47400,1,0,0:0:0:0:
448,192,47500,1,0,0:0:0:0:
192,192,47600,1,0,0:0:0:0:
192,192,47700,1,0,0:0:0:0:
320,192,47800,1,0,0:0:0:0:
320,192,47900,1,0,0:0:0:0:
64,192,48000,1,0,0:0:0:0:
64,192,48100,1,0,0:0:0:0:
448,192,48200,1,0,0:0:0:0:
448,192,48300,1,0,0:0:0:0:
64,192,48400,128,0,48800:0:0:0:0:
192,192,48400,1,0,0:0:0:0:
320,192,48800,128,0,49000:0:0:0:0:
448,192,48800,1,0,0:0:0:0:
64,192,49000,128,0,49200:0:0:0:0:
192,192,49300,128,0,49500:0:0:0:0:
320,192,49300,1,0,0:0:0:0:
448,192,49400,1,0,0:0:0:0:
320,192,49600,128,0,49800:0:0:0:0:
64,192,49600,1,0,0:0:0:0:
192,192,49800,128,0,50000:0:0:0:0:
448,192,50000,1,0,0:0:0:0:
192,192,50200,128,0,50400:0:0:0:0:
320,192,50400,128,0,50600:0:0:0:0:
448,192,50600,128,0,50800:0:0:0:0:
320,192,50800,128,0,51000:0:0:0:0:
64,192,50800,1,0,0:0:0:0:
192,192,51000,128,0,51200:0:0:0:0:
64,192,51200,128,0,51400:0:0:0:0:
448,192,51200,1,0,0:0:0:0:
192,192,51400,1,0,0:0:0:0:
320,192,51500,1,0,0:0:0:0:
448,192,51600,128,0,51800:0:0:0:0:
320,192,51800,128,0,52000:0:0:0:0:
64,192,52000,1,0,0:0:0:0:
192,192,52000,128,0,52200:0:0:0:0:
320,192,52200,128,0,52400:0:0:0:0:
192,192,52500,1,0,0:0:0:0:
320,192,52550,1,0,0:0:0:0:
448,192,52600,1,0,0:0:0:0:
320,192,52700,1,0,0:0:0:0:
192,192,52800,1,0,0:0:0:0:
64,192,52900,1,0,0:0:0:0:
448,192,53000,1,0,0:0:0:0:
64,192,53200,1,0,0:0:0:0:
192,192,53200,1,0,0:0:0:0:
320,192,53200,1,0,0:0:0:0:
320,192,54000,1,0,0:0:0:0:
448,192,54000,1,0,0:0:0:0:
64,192,54300,1,0,0:0:0:0:
192,192,54300,1,0,0:0:0:0:
320,192,54600,1,0,0:0:0:0:
448,192,54600,1,0,0:0:0:0:
64,192,54800,1,0,0:0:0:0:
320,192,54800,1,0,0:0:0:0:
64,192,55000,128,0,55200:0:0:0:0:
192,192,55200,128,0,55400:0:0:0:0:
320,192,55400,128,0,55600:0:0:0:0:
192,192,55600,1,0,0:0:0:0:
448,192,55700,1,0,0:0:0:0:
320,192,55800,128,0,56000:0:0:0:0:
192,192,56000,128,0,56200:0:0:0:0:
64,192,56000,1,0,0:0:0:0:
448,192,56200,1,0,0:0:0:0:
320,192,56300,1,0,0:0:0:0:
448,192,56400,128,0,56600:0:0:0:0:
320,192,56600,128,0,56800:0:0:0:0:
192,192,56800,128,0,57000:0:0:0:0:
448,192,56800,1,0,0:0:0:0:
448,192,57000,128,0,57200:0:0:0:0:
64,192,57200,128,0,57400:0:0:0:0:
192,192,57400,128,0,57600:0:0:0:0:
64,192,57600,128,0,57800:0:0:0:0:
320,192,57600,1,0,0:0:0:0:
448,192,57800,128,0,58000:0:0:0:0:
320,192,58000,128,0,58200:0:0:0:0:
448,192,58200,128,0,58400:0:0:0:0:
192,192,58400,128,0,58600:0:0:0:0:
448,192,58600,128,0,58800:0:0:0:0:
320,192,58800,1,0,0:0:0:0:
64,192,59000,1,0,0:0:0:0:
192,192,59050,1,0,0:0:0:0:
320,192,59100,1,0,0:0:0:0:
448,192,59200,1,0,0:0:0:0:
64,192,59300,1,0,0:0:0:0:
192,192,59400,1,0,0:0:0:0:
320,192,59500,1,0,0:0:0:0:
320,192,59800,1,0,0:0:0:0:
448,192,59800,1,0,0:0:0:0:
320,192,59900,1,0,0:0:0:0:
448,192,59900,1,0,0:0:0:0:
192,192,60000,1,0,0:0:0:0:
64,192,60000,1,0,0:0:0:0:
64,192,60200,1,0,0:0:0:0:
192,192,60200,1,0,0:0:0:0:
192,192,60300,1,0,0:0:0:0:
64,192,60300,1,0,0:0:0:0:
320,192,60400,1,0,0:0:0:0:
448,192,60400,1,0,0:0:0:0:
192,192,60600,1,0,0:0:0:0:
64,192,60600,1,0,0:0:0:0:
320,192,60700,1,0,0:0:0:0:
448,192,60700,1,0,0:0:0:0:
320,192,60900,1,0,0:0:0:0:
448,192,60900,1,0,0:0:0:0:
192,192,61000,1,0,0:0:0:0:
64,192,61000,1,0,0:0:0:0:
320,192,61200,1,0,0:0:0:0:
192,192,61200,1,0,0:0:0:0:
64,192,61400,128,0,61600:0:0:0:0:
192,192,61600,128,0,61800:0:0:0:0:
320,192,61600,1,0,0:0:0:0:
320,192,61800,128,0,62000:0:0:0:0:
192,192,62000,1,0,0:0:0:0:
64,192,62100,1,0,0:0:0:0:
320,192,62200,128,0,62400:0:0:0:0:
64,192,62400,128,0,62600:0:0:0:0:
448,192,62600,1,0,0:0:0:0:
320,192,62700,1,0,0:0:0:0:
448,192,62800,128,0,63000:0:0:0:0:
320,192,63000,128,0,63200:0:0:0:0:
64,192,63000,1,0,0:0:0:0:
192,192,63200,128,0,63400:0:0:0:0:
448,192,63400,128,0,63600:0:0:0:0:
64,192,63600,128,0,63800:0:0:0:0:
320,192,63600,1,0,0:0:0:0:
192,192,63800,128,0,64000:0:0:0:0:
448,192,64000,1,0,0:0:0:0:
64,192,64000,128,0,64200:0:0:0:0:
320,192,64200,1,0,0:0:0:0:
192,192,64300,1,0,0:0:0:0:
64,192,64400,1,0,0:0:0:0:
192,192,64450,1,0,0:0:0:0:
320,192,64500,1,0,0:0:0:0:
448,192,64600,1,0,0:0:0:0:
448,192,64800,1,0,0:0:0:0:
64,192,64800,128,0,65000:0:0:0:0:
192,192,65000,1,0,0:0:0:0:
320,192,65100,1,0,0:0:0:0:
448,192,65200,1,0,0:0:0:0:
64,192,65300,1,0,0:0:0:0:
320,192,65400,1,0,0:0:0:0:
448,192,65500,1,0,0:0:0:0:
64,192,65600,1,0,0:0:0:0:
192,192,65650,1,0,0:0:0:0:
448,192,65700,1,0,0:0:0:0:
320,192,65750,1,0,0:0:0:0:
64,192,65800,1,0,0:0:0:0:
192,192,65850,1,0,0:0:0:0:
448,192,65900,1,0,0:0:0:0:
320,192,65950,1,0,0:0:0:0:
192,192,66000,128,0,67200:0:0:0:0:
448,192,67200,128,0,68000:0:0:0:0:
320,192,67600,128,0,68200:0:0:0:0:
192,192,68200,128,0,68800:0:0:0:0:
64,192,68800,128,0,69400:0:0:0:0:
448,192,69200,128,0,69800:0:0:0:0:
320,192,69800,128,0,70400:0:0:0:0:
192,192,70400,128,0,70800:0:0:0:0:
64,192,70800,128,0,72400:0:0:0:0:
192,192,71200,1,0,0:0:0:0:
320,192,71600,1,0,0:0:0:0:
448,192,72000,1,0,0:0:0:0:
320,192,72400,1,0,0:0:0:0:
192,192,72400,128,0,73600:0:0:0:0:
64,192,73600,128,0,74000:0:0:0:0:
320,192,73600,1,0,0:0:0:0:
448,192,74000,128,0,74600:0:0:0:0:
192,192,74000,1,0,0:0:0:0:
64,192,74600,128,0,75200:0:0:0:0:
320,192,74600,1,0,0:0:0:0:
448,192,75200,128,0,75600:0:0:0:0:
320,192,75200,128,0,75600:0:0:0:0:
192,192,75600,128,0,76800:0:0:0:0:
64,192,75600,128,0,77200:0:0:0:0:
448,192,76200,128,0,76800:0:0:0:0:
320,192,76800,1,0,0:0:0:0:
192,192,77200,128,0,78400:0:0:0:0:
448,192,77200,128,0,77800:0:0:0:0:
64,192,77600,1,0,0:0:0:0:
320,192,78000,1,0,0:0:0:0:
64,192,78000,128,0,78800:0:0:0:0:
448,192,78400,1,0,0:0:0:0:
320,192,78400,1,0,0:0:0:0:
448,192,78800,1,0,0:0:0:0:
192,192,78800,1,0,0:0:0:0:
192,192,79000,1,0,0:0:0:0:
320,192,79000,1,0,0:0:0:0:
320,192,79200,1,0,0:0:0:0:
448,192,79400,1,0,0:0:0:0:
192,192,79500,1,0,0:0:0:0:
64,192,79600,1,0,0:0:0:0:
320,192,79600,1,0,0:0:0:0:
320,192,79800,1,0,0:0:0:0:
448,192,80000,1,0,0:0:0:0:
192,192,80200,1,0,0:0:0:0:
320,192,80200,1,0,0:0:0:0:
64,192,80400,1,0,0:0:0:0:
64,192,80600,1,0,0:0:0:0:
320,192,80800,1,0,0:0:0:0:
448,192,80800,1,0,0:0:0:0:
448,192,81000,1,0,0:0:0:0:
320,192,81100,1,0,0:0:0:0:
64,192,81200,1,0,0:0:0:0:
192,192,81200,1,0,0:0:0:0:
64,192,81400,1,0,0:0:0:0:
448,192,81600,1,0,0:0:0:0:
320,192,81800,1,0,0:0:0:0:
64,192,81800,1,0,0:0:0:0:
192,192,82000,1,0,0:0:0:0:
192,192,82200,1,0,0:0:0:0:
448,192,82400,1,0,0:0:0:0:
64,192,82600,1,0,0:0:0:0:
192,192,82700,1,0,0:0:0:0:
448,192,82800,1,0,0:0:0:0:
320,192,82800,1,0,0:0:0:0:
448,192,83000,1,0,0:0:0:0:
320,192,83200,1,0,0:0:0:0:
192,192,83400,1,0,0:0:0:0:
64,192,83600,1,0,0:0:0:0:
64,192,83800,1,0,0:0:0:0:
320,192,84000,1,0,0:0:0:0:
192,192,84000,1,0,0:0:0:0:
448,192,84200,1,0,0:0:0:0:
320,192,84300,1,0,0:0:0:0:
64,192,84400,1,0,0:0:0:0:
64,192,84600,1,0,0:0:0:0:
320,192,84800,1,0,0:0:0:0:
192,192,84800,1,0,0:0:0:0:
320,192,85000,1,0,0:0:0:0:
448,192,85200,1,0,0:0:0:0:
64,192,85200,1,0,0:0:0:0:
448,192,85400,1,0,0:0:0:0:
192,192,85600,1,0,0:0:0:0:
64,192,85800,1,0,0:0:0:0:
192,192,85900,1,0,0:0:0:0:
448,192,86000,1,0,0:0:0:0:
320,192,86000,1,0,0:0:0:0:
448,192,86200,1,0,0:0:0:0:
320,192,86400,1,0,0:0:0:0:
192,192,86600,1,0,0:0:0:0:
64,192,86800,1,0,0:0:0:0:
64,192,87000,1,0,0:0:0:0:
320,192,87200,1,0,0:0:0:0:
192,192,87400,1,0,0:0:0:0:
320,192,87500,1,0,0:0:0:0:
64,192,87600,1,0,0:0:0:0:
192,192,87600,1,0,0:0:0:0:
320,192,87800,1,0,0:0:0:0:
320,192,88000,1,0,0:0:0:0:
448,192,88200,1,0,0:0:0:0:
192,192,88200,1,0,0:0:0:0:
64,192,88400,1,0,0:0:0:0:
64,192,88600,1,0,0:0:0:0:
192,192,88800,1,0,0:0:0:0:
448,192,89000,1,0,0:0:0:0:
320,192,89100,1,0,0:0:0:0:
64,192,89200,1,0,0:0:0:0:
192,192,89200,1,0,0:0:0:0:
64,192,89400,1,0,0:0:0:0:
192,192,89600,1,0,0:0:0:0:
320,192,89600,128,0,89900:0:0:0:0:
64,192,90000,128,0,90200:0:0:0:0:
448,192,90000,128,0,90200:0:0:0:0:
192,192,90000,128,0,90400:0:0:0:0:
320,192,90000,128,0,90400:0:0:0:0:
320,192,91200,1,0,0:0:0:0:
448,192,91250,1,0,0:0:0:0:
64,192,91600,128,0,91700:0:0:0:0:
192,192,91600,128,0,91800:0:0:0:0:
320,192,91600,128,0,91900:0:0:0:0:
448,192,91600,128,0,92000:0:0:0:0:
320,192,92200,1,0,0:0:0:0:
448,192,92300,1,0,0:0:0:0:
192,192,92400,1,0,0:0:0:0:
64,192,92400,1,0,0:0:0:0:
320,192,92600,1,0,0:0:0:0:
448,192,92600,1,0,0:0:0:0:
192,192,92700,1,0,0:0:0:0:
64,192,92700,1,0,0:0:0:0:
320,192,93000,1,0,0:0:0:0:
448,192,93000,1,0,0:0:0:0:
448,192,93200,1,0,0:0:0:0:
320,192,93300,1,0,0:0:0:0:
192,192,93400,1,0,0:0:0:0:
448,192,93400,128,0,93600:0:0:0:0:
64,192,93500,1,0,0:0:0:0:
320,192,93600,128,0,93800:0:0:0:0:
192,192,93800,128,0,94200:0:0:0:0:
64,192,94000,1,0,0:0:0:0:
64,192,94200,1,0,0:0:0:0:
64,192,94300,1,0,0:0:0:0:
320,192,94400,1,0,0:0:0:0:
448,192,94450,1,0,0:0:0:0:
192,192,94600,128,0,94800:0:0:0:0:
64,192,94800,128,0,95000:0:0:0:0:
64,192,95200,1,0,0:0:0:0:
192,192,95250,1,0,0:0:0:0:
320,192,95300,1,0,0:0:0:0:
448,192,95350,1,0,0:0:0:0:
64,192,95400,1,0,0:0:0:0:
192,192,95450,1,0,0:0:0:0:
320,192,95500,1,0,0:0:0:0:
448,192,95550,1,0,0:0:0:0:
192,192,95600,1,0,0:0:0:0:
64,192,95600,1,0,0:0:0:0:
320,192,95800,1,0,0:0:0:0:
448,192,95800,1,0,0:0:0:0:
192,192,96000,1,0,0:0:0:0:
64,192,96000,1,0,0:0:0:0:
320,192,96200,1,0,0:0:0:0:
448,192,96200,1,0,0:0:0:0:
192,192,96400,1,0,0:0:0:0:
64,192,96400,1,0,0:0:0:0:
320,192,96600,1,0,0:0:0:0:
64,192,96600,1,0,0:0:0:0:
64,192,96800,1,0,0:0:0:0:
320,192,96800,1,0,0:0:0:0:
64,192,97000,1,0,0:0:0:0:
192,192,97000,1,0,0:0:0:0:
320,192,97200,128,0,97300:0:0:0:0:
448,192,97200,128,0,97300:0:0:0:0:
64,192,97200,1,0,0:0:0:0:
320,192,97400,128,0,97500:0:0:0:0:
448,192,97400,128,0,97500:0:0:0:0:
192,192,97600,128,0,97700:0:0:0:0:
64,192,97600,128,0,97700:0:0:0:0:
192,192,97800,128,0,97900:0:0:0:0:
64,192,97800,128,0,97900:0:0:0:0:
64,192,98000,1,0,0:0:0:0:
192,192,98000,1,0,0:0:0:0:
320,192,98000,1,0,0:0:0:0:
448,192,98000,1,0,0:0:0:0:
320,192,98400,128,0,98450:0:0:0:0:
448,192,98450,128,0,98500:0:0:0:0:
448,192,98800,1,0,0:0:0:0:
320,192,98900,1,0,0:0:0:0:
192,192,99000,1,0,0:0:0:0:
64,192,99100,1,0,0:0:0:0:
448,192,99200,1,0,0:0:0:0:
320,192,99300,1,0,0:0:0:0:
192,192,99400,1,0,0:0:0:0:
320,192,99500,1,0,0:0:0:0:
448,192,99500,1,0,0:0:0:0:
64,192,99800,1,0,0:0:0:0:
192,192,99800,1,0,0:0:0:0:
320,192,99900,1,0,0:0:0:0:
448,192,99900,1,0,0:0:0:0:
320,192,100100,1,0,0:0:0:0:
64,192,100100,1,0,0:0:0:0:
320,192,100300,1,0,0:0:0:0:
448,192,100300,1,0,0:0:0:0:
192,192,100400,1,0,0:0:0:0:
64,192,100400,1,0,0:0:0:0:
192,192,100700,1,0,0:0:0:0:
320,192,100700,1,0,0:0:0:0:
320,192,101000,1,0,0:0:0:0:
448,192,101000,1,0,0:0:0:0:
64,192,101200,1,0,0:0:0:0:
192,192,101200,1,0,0:0:0:0:
192,192,101500,1,0,0:0:0:0:
320,192,101500,1,0,0:0:0:0:
448,192,101500,1,0,0:0:0:0:
64,192,101500,1,0,0:0:0:0:
320,192,101800,1,0,0:0:0:0:
448,192,101850,1,0,0:0:0:0:
192,192,102000,128,0,102200:0:0:0:0:
64,192,102050,128,0,102300:0:0:0:0:
448,192,102400,1,0,0:0:0:0:
320,192,102450,1,0,0:0:0:0:
192,192,102500,1,0,0:0:0:0:
64,192,102550,1,0,0:0:0:0:
320,192,102600,1,0,0:0:0:0:
448,192,102600,1,0,0:0:0:0:
448,192,102800,128,0,103000:0:0:0:0:
320,192,103000,128,0,103200:0:0:0:0:
192,192,103200,128,0,103400:0:0:0:0:
64,192,103200,1,0,0:0:0:0:
320,192,103400,128,0,103600:0:0:0:0:
64,192,103600,1,0,0:0:0:0:
448,192,103600,128,0,104400:0:0:0:0:
64,192,103900,1,0,0:0:0:0:
192,192,104000,1,0,0:0:0:0:
64,192,104200,1,0,0:0:0:0:
64,192,104400,1,0,0:0:0:0:
320,192,104600,1,0,0:0:0:0:
320,192,104700,1,0,0:0:0:0:
192,192,104800,1,0,0:0:0:0:
64,192,104800,1,0,0:0:0:0:
192,192,105000,1,0,0:0:0:0:
192,192,105100,1,0,0:0:0:0:
320,192,105200,1,0,0:0:0:0:
448,192,105200,1,0,0:0:0:0:
64,192,105400,1,0,0:0:0:0:
192,192,105400,1,0,0:0:0:0:
320,192,105500,1,0,0:0:0:0:
448,192,105500,1,0,0:0:0:0:
320,192,105700,1,0,0:0:0:0:
448,192,105700,1,0,0:0:0:0:
192,192,105800,1,0,0:0:0:0:
64,192,105800,1,0,0:0:0:0:
448,192,106000,1,0,0:0:0:0:
320,192,106000,1,0,0:0:0:0:
320,192,106200,128,0,106400:0:0:0:0:
448,192,106400,1,0,0:0:0:0:
64,192,106400,128,0,106600:0:0:0:0:
192,192,106600,128,0,107000:0:0:0:0:
448,192,106800,1,0,0:0:0:0:
320,192,107200,1,0,0:0:0:0:
192,192,107200,1,0,0:0:0:0:
192,192,107333,1,0,0:0:0:0:
320,192,107333,1,0,0:0:0:0:
192,192,107466,1,0,0:0:0:0:
320,192,107466,1,0,0:0:0:0:
320,192,107600,128,0,107800:0:0:0:0:
192,192,107600,128,0,107800:0:0:0:0:
64,192,107800,128,0,108000:0:0:0:0:
448,192,107800,128,0,108000:0:0:0:0:
192,192,108000,128,0,108200:0:0:0:0:
320,192,108000,128,0,108200:0:0:0:0:
448,192,108200,128,0,108400:0:0:0:0:
64,192,108200,128,0,108400:0:0:0:0:
192,192,108400,128,0,108600:0:0:0:0:
320,192,108400,128,0,108600:0:0:0:0:
64,192,108600,1,0,0:0:0:0:
64,192,108800,1,0,0:0:0:0:
192,192,109000,128,0,109300:0:0:0:0:
448,192,109000,128,0,109400:0:0:0:0:
64,192,109200,1,0,0:0:0:0:
192,192,109400,1,0,0:0:0:0:
192,192,109533,1,0,0:0:0:0:
64,192,109600,1,0,0:0:0:0:
320,192,109700,1,0,0:0:0:0:
320,192,109800,1,0,0:0:0:0:
448,192,109900,128,0,110100:0:0:0:0:
192,192,110000,128,0,110100:0:0:0:0:
320,192,110100,128,0,110300:0:0:0:0:
64,192,110100,128,0,110200:0:0:0:0:
192,192,110300,128,0,110500:0:0:0:0:
64,192,110600,1,0,0:0:0:0:
192,192,110650,1,0,0:0:0:0:
448,192,110700,1,0,0:0:0:0:
320,192,110750,1,0,0:0:0:0:
64,192,110800,1,0,0:0:0:0:
192,192,110800,1,0,0:0:0:0:
320,192,111000,1,0,0:0:0:0:
448,192,111100,1,0,0:0:0:0:
192,192,111200,1,0,0:0:0:0:
64,192,111200,1,0,0:0:0:0:
320,192,111300,1,0,0:0:0:0:
448,192,111400,1,0,0:0:0:0:
320,192,111500,1,0,0:0:0:0:
192,192,111600,1,0,0:0:0:0:
64,192,111600,1,0,0:0:0:0:
192,192,111900,1,0,0:0:0:0:
320,192,112000,1,0,0:0:0:0:
448,192,112000,1,0,0:0:0:0:
192,192,112200,1,0,0:0:0:0:
64,192,112200,1,0,0:0:0:0:
64,192,112400,1,0,0:0:0:0:
320,192,112500,1,0,0:0:0:0:
320,192,112800,1,0,0:0:0:0:
448,192,112800,1,0,0:0:0:0:
64,192,112800,1,0,0:0:0:0:
192,192,113100,1,0,0:0:0:0:
448,192,113200,1,0,0:0:0:0:
192,192,113400,1,0,0:0:0:0:
64,192,113400,1,0,0:0:0:0:
448,192,113600,1,0,0:0:0:0:
192,192,113700,1,0,0:0:0:0:
320,192,114000,1,0,0:0:0:0:
64,192,114000,1,0,0:0:0:0:
320,192,114200,1,0,0:0:0:0:
64,192,114200,1,0,0:0:0:0:
64,192,114400,1,0,0:0:0:0:
448,192,114400,1,0,0:0:0:0:
64,192,114600,1,0,0:0:0:0:
448,192,114600,1,0,0:0:0:0:
64,192,114800,1,0,0:0:0:0:
448,192,114900,1,0,0:0:0:0:
64,192,115000,1,0,0:0:0:0:
448,192,115100,1,0,0:0:0:0:
64,192,115200,1,0,0:0:0:0:
192,192,115300,1,0,0:0:0:0:
320,192,115400,1,0,0:0:0:0:
448,192,115500,1,0,0:0:0:0:
64,192,115600,1,0,0:0:0:0:
448,192,115700,1,0,0:0:0:0:
64,192,115800,1,0,0:0:0:0:
448,192,115900,1,0,0:0:0:0:
192,192,116000,1,0,0:0:0:0:
320,192,116100,1,0,0:0:0:0:
192,192,116200,1,0,0:0:0:0:
320,192,116300,1,0,0:0:0:0:
64,192,116400,1,0,0:0:0:0:
192,192,116450,1,0,0:0:0:0:
448,192,116500,1,0,0:0:0:0:
320,192,116550,1,0,0:0:0:0:
64,192,116600,1,0,0:0:0:0:
192,192,116650,1,0,0:0:0:0:
448,192,116700,1,0,0:0:0:0:
320,192,116750,1,0,0:0:0:0:
64,192,116800,1,0,0:0:0:0:
192,192,116850,1,0,0:0:0:0:
320,192,116900,1,0,0:0:0:0:
448,192,116950,1,0,0:0:0:0:
64,192,117000,1,0,0:0:0:0:
192,192,117050,1,0,0:0:0:0:
320,192,117100,1,0,0:0:0:0:
448,192,117150,1,0,0:0:0:0:
64,192,117600,128,0,117800:0:0:0:0:
448,192,117600,1,0,0:0:0:0:
320,192,117800,1,0,0:0:0:0:
192,192,117800,128,0,118000:0:0:0:0:
320,192,118000,128,0,118200:0:0:0:0:
64,192,118000,1,0,0:0:0:0:
448,192,118300,1,0,0:0:0:0:
320,192,118400,128,0,118600:0:0:0:0:
64,192,118400,1,0,0:0:0:0:
192,192,118600,128,0,118800:0:0:0:0:
448,192,118800,1,0,0:0:0:0:
320,192,118900,1,0,0:0:0:0:
448,192,119000,128,0,119200:0:0:0:0:
64,192,119200,1,0,0:0:0:0:
320,192,119200,128,0,119400:0:0:0:0:
448,192,119400,1,0,0:0:0:0:
192,192,119400,128,0,119600:0:0:0:0:
448,192,119600,128,0,119800:0:0:0:0:
320,192,119800,1,0,0:0:0:0:
64,192,119800,128,0,120000:0:0:0:0:
192,192,120000,128,0,120200:0:0:0:0:
448,192,120000,1,0,0:0:0:0:
64,192,120200,128,0,120400:0:0:0:0:
320,192,120400,1,0,0:0:0:0:
448,192,120400,128,0,120600:0:0:0:0:
320,192,120600,128,0,120800:0:0:0:0:
64,192,120800,1,0,0:0:0:0:
448,192,120800,128,0,121000:0:0:0:0:
192,192,121000,128,0,121200:0:0:0:0:
448,192,121200,128,0,121400:0:0:0:0:
64,192,121400,1,0,0:0:0:0:
320,192,121400,128,0,121600:0:0:0:0:
64,192,121600,128,0,121800:0:0:0:0:
448,192,121600,1,0,0:0:0:0:
192,192,121800,128,0,122000:0:0:0:0:
320,192,122000,128,0,122200:0:0:0:0:
192,192,122200,1,0,0:0:0:0:
448,192,122300,1,0,0:0:0:0:
320,192,122400,128,0,122600:0:0:0:0:
192,192,122600,128,0,122800:0:0:0:0:
64,192,122800,1,0,0:0:0:0:
320,192,122900,1,0,0:0:0:0:
448,192,123000,128,0,123200:0:0:0:0:
320,192,123200,128,0,123400:0:0:0:0:
64,192,123200,1,0,0:0:0:0:
192,192,123400,128,0,123600:0:0:0:0:
448,192,123600,128,0,123800:0:0:0:0:
64,192,123800,128,0,124000:0:0:0:0:
320,192,123800,1,0,0:0:0:0:
192,192,124000,128,0,124200:0:0:0:0:
448,192,124000,1,0,0:0:0:0:
64,192,124200,128,0,124400:0:0:0:0:
448,192,124400,128,0,124600:0:0:0:0:
320,192,124600,128,0,124800:0:0:0:0:
448,192,124800,128,0,125000:0:0:0:0:
64,192,124800,1,0,0:0:0:0:
192,192,125000,128,0,125200:0:0:0:0:
448,192,125200,128,0,125400:0:0:0:0:
320,192,125400,128,0,125600:0:0:0:0:
64,192,125400,1,0,0:0:0:0:
64,192,125600,128,0,125800:0:0:0:0:
448,192,125600,1,0,0:0:0:0:
192,192,125800,128,0,126000:0:0:0:0:
448,192,125800,1,0,0:0:0:0:
320,192,126000,128,0,126200:0:0:0:0:
192,192,126200,1,0,0:0:0:0:
320,192,126400,128,0,126600:0:0:0:0:
64,192,126400,1,0,0:0:0:0:
192,192,126600,128,0,126800:0:0:0:0:
64,192,126800,1,0,0:0:0:0:
320,192,126900,1,0,0:0:0:0:
448,192,127000,128,0,127200:0:0:0:0:
64,192,127200,1,0,0:0:0:0:
320,192,127200,128,0,127400:0:0:0:0:
192,192,127400,128,0,127600:0:0:0:0:
448,192,127600,128,0,127800:0:0:0:0:
320,192,127800,1,0,0:0:0:0:
64,192,127800,128,0,128000:0:0:0:0:
192,192,128000,128,0,128200:0:0:0:0:
448,192,128000,1,0,0:0:0:0:
64,192,128200,128,0,128400:0:0:0:0:
448,192,128200,1,0,0:0:0:0:
448,192,128400,128,0,128600:0:0:0:0:
320,192,128600,128,0,128800:0:0:0:0:
64,192,128800,1,0,0:0:0:0:
448,192,128800,128,0,129000:0:0:0:0:
192,192,129000,128,0,129200:0:0:0:0:
448,192,129200,128,0,129400:0:0:0:0:
320,192,129400,128,0,129600:0:0:0:0:
192,192,129600,128,0,129800:0:0:0:0:
64,192,129600,128,0,129800:0:0:0:0:
320,192,129800,128,0,130000:0:0:0:0:
448,192,129800,128,0,130000:0:0:0:0:
192,192,130200,1,0,0:0:0:0:
64,192,130200,1,0,0:0:0:0:
448,192,130200,1,0,0:0:0:0:
320,192,130200,1,0,0:0:0:0:
64,192,130400,1,0,0:0:0:0:
192,192,130400,1,0,0:0:0:0:
320,192,130400,1,0,0:0:0:0:
448,192,130400,1,0,0:0:0:0:
64,192,130600,1,0,0:0:0:0:
192,192,130600,1,0,0:0:0:0:
320,192,130600,1,0,0:0:0:0:
448,192,130600,1,0,0:0:0:0:
64,192,130800,1,0,0:0:0:0:
448,192,130800,1,0,0:0:0:0:
64,192,131200,1,0,0:0:0:0:
448,192,131200,1,0,0:0:0:0:
192,192,131600,1,0,0:0:0:0:
320,192,131600,1,0,0:0:0:0:
64,192,132000,128,0,132200:0:0:0:0:
448,192,132000,1,0,0:0:0:0:
192,192,132200,128,0,132400:0:0:0:0:
320,192,132400,128,0,132600:0:0:0:0:
64,192,132400,1,0,0:0:0:0:
64,192,132600,1,0,0:0:0:0:
192,192,132700,1,0,0:0:0:0:
320,192,132800,128,0,133000:0:0:0:0:
192,192,133000,128,0,133200:0:0:0:0:
448,192,133200,1,0,0:0:0:0:
320,192,133300,1,0,0:0:0:0:
448,192,133400,128,0,133600:0:0:0:0:
320,192,133600,128,0,133800:0:0:0:0:
64,192,133600,1,0,0:0:0:0:
192,192,133800,128,0,134000:0:0:0:0:
448,192,134000,128,0,134200:0:0:0:0:
64,192,134200,128,0,134400:0:0:0:0:
320,192,134200,1,0,0:0:0:0:
192,192,134400,128,0,134600:0:0:0:0:
448,192,134400,1,0,0:0:0:0:
64,192,134600,128,0,134800:0:0:0:0:
448,192,134800,128,0,135000:0:0:0:0:
192,192,134800,1,0,0:0:0:0:
320,192,135000,128,0,135200:0:0:0:0:
448,192,135200,128,0,135400:0:0:0:0:
64,192,135200,1,0,0:0:0:0:
192,192,135400,128,0,135600:0:0:0:0:
448,192,135600,128,0,135800:0:0:0:0:
64,192,135600,1,0,0:0:0:0:
320,192,135800,128,0,136000:0:0:0:0:
64,192,136000,1,0,0:0:0:0:
192,192,136100,1,0,0:0:0:0:
64,192,136200,1,0,0:0:0:0:
192,192,136300,1,0,0:0:0:0:
64,192,136600,1,0,0:0:0:0:
192,192,136700,1,0,0:0:0:0:
64,192,136800,1,0,0:0:0:0:
448,192,137000,1,0,0:0:0:0:
320,192,137100,1,0,0:0:0:0:
448,192,137200,1,0,0:0:0:0:
192,192,137400,1,0,0:0:0:0:
64,192,137400,1,0,0:0:0:0:
64,192,137500,1,0,0:0:0:0:
192,192,137500,1,0,0:0:0:0:
320,192,137700,1,0,0:0:0:0:
448,192,137700,1,0,0:0:0:0:
320,192,137800,1,0,0:0:0:0:
448,192,137800,1,0,0:0:0:0:
64,192,138000,1,0,0:0:0:0:
192,192,138000,1,0,0:0:0:0:
320,192,138000,1,0,0:0:0:0:
448,192,138000,1,0,0:0:0:0:
64,192,138400,128,0,138600:0:0:0:0:
320,192,138400,1,0,0:0:0:0:
448,192,138400,1,0,0:0:0:0:
320,192,138600,1,0,0:0:0:0:
192,192,138600,128,0,138800:0:0:0:0:
448,192,138700,1,0,0:0:0:0:
320,192,138800,128,0,139000:0:0:0:0:
64,192,138800,128,0,138900:0:0:0:0:
192,192,139000,1,0,0:0:0:0:
448,192,139100,1,0,0:0:0:0:
320,192,139200,128,0,139400:0:0:0:0:
64,192,139200,1,0,0:0:0:0:
192,192,139200,1,0,0:0:0:0:
64,192,139400,1,0,0:0:0:0:
192,192,139400,128,0,139600:0:0:0:0:
448,192,139600,1,0,0:0:0:0:
320,192,139600,1,0,0:0:0:0:
64,192,139700,1,0,0:0:0:0:
448,192,139800,128,0,140000:0:0:0:0:
192,192,139800,1,0,0:0:0:0:
64,192,140000,1,0,0:0:0:0:
320,192,140000,128,0,140200:0:0:0:0:
448,192,140200,1,0,0:0:0:0:
192,192,140200,128,0,140400:0:0:0:0:
64,192,140300,1,0,0:0:0:0:
448,192,140400,128,0,140600:0:0:0:0:
320,192,140600,1,0,0:0:0:0:
64,192,140600,128,0,140800:0:0:0:0:
192,192,140800,128,0,141000:0:0:0:0:
448,192,140800,1,0,0:0:0:0:
320,192,140900,1,0,0:0:0:0:
64,192,141000,128,0,141200:0:0:0:0:
448,192,141000,1,0,0:0:0:0:
320,192,141200,1,0,0:0:0:0:
448,192,141200,128,0,141400:0:0:0:0:
192,192,141300,1,0,0:0:0:0:
320,192,141400,128,0,141600:0:0:0:0:
448,192,141600,128,0,141800:0:0:0:0:
192,192,141600,1,0,0:0:0:0:
320,192,141700,1,0,0:0:0:0:
64,192,141800,128,0,142000:0:0:0:0:
448,192,142000,128,0,142200:0:0:0:0:
192,192,142000,1,0,0:0:0:0:
320,192,142200,128,0,142400:0:0:0:0:
448,192,142400,1,0,0:0:0:0:
192,192,142400,128,0,142600:0:0:0:0:
320,192,142600,128,0,144000:0:0:0:0:
192,192,144000,1,0,0:0:0:0:
64,192,144050,1,0,0:0:0:0:
64,192,144400,1,0,0:0:0:0:
448,192,144400,128,0,144800:0:0:0:0:
320,192,144800,128,0,145000:0:0:0:0:
448,192,145000,128,0,145100:0:0:0:0:
320,192,145100,128,0,145200:0:0:0:0:
192,192,145200,128,0,145400:0:0:0:0:
448,192,145400,128,0,145600:0:0:0:0:
64,192,145600,1,0,0:0:0:0:
192,192,145600,128,0,146400:0:0:0:0:
64,192,146400,128,0,146600:0:0:0:0:
192,192,146600,128,0,146800:0:0:0:0:
448,192,146800,128,0,147000:0:0:0:0:
320,192,147000,128,0,147100:0:0:0:0:
64,192,147000,1,0,0:0:0:0:
192,192,147100,128,0,147200:0:0:0:0:
320,192,147200,128,0,147600:0:0:0:0:
448,192,147600,128,0,148000:0:0:0:0:
64,192,147600,1,0,0:0:0:0:
320,192,148000,128,0,148200:0:0:0:0:
448,192,148200,128,0,148300:0:0:0:0:
320,192,148300,128,0,148400:0:0:0:0:
192,192,148400,128,0,148600:0:0:0:0:
448,192,148600,128,0,148800:0:0:0:0:
64,192,148800,1,0,0:0:0:0:
192,192,148800,128,0,149600:0:0:0:0:
64,192,149600,128,0,149800:0:0:0:0:
192,192,149800,128,0,150000:0:0:0:0:
448,192,150000,128,0,150200:0:0:0:0:
320,192,150200,128,0,150400:0:0:0:0:
64,192,150200,1,0,0:0:0:0:
192,192,150400,128,0,150600:0:0:0:0:
320,192,150600,128,0,150800:0:0:0:0:
448,192,150800,128,0,151200:0:0:0:0:
64,192,150800,1,0,0:0:0:0:
320,192,151200,128,0,151400:0:0:0:0:
448,192,151400,128,0,151500:0:0:0:0:
320,192,151500,128,0,151600:0:0:0:0:
192,192,151600,128,0,151800:0:0:0:0:
448,192,151800,128,0,152000:0:0:0:0:
192,192,152000,128,0,152800:0:0:0:0:
64,192,152000,1,0,0:0:0:0:
64,192,152800,128,0,153000:0:0:0:0:
192,192,153000,128,0,153200:0:0:0:0:
448,192,153200,128,0,153400:0:0:0:0:
64,192,153200,128,0,153400:0:0:0:0:
320,192,153400,128,0,153600:0:0:0:0:
192,192,153600,128,0,153800:0:0:0:0:
320,192,153800,128,0,154000:0:0:0:0:
64,192,154000,1,0,0:0:0:0:
448,192,154000,128,0,154400:0:0:0:0:
320,192,154400,128,0,154600:0:0:0:0:
448,192,154600,128,0,154700:0:0:0:0:
320,192,154700,128,0,154800:0:0:0:0:
192,192,154800,128,0,155000:0:0:0:0:
448,192,155000,128,0,155200:0:0:0:0:
64,192,155200,1,0,0:0:0:0:
192,192,155200,128,0,156000:0:0:0:0:
64,192,156000,128,0,156200:0:0:0:0:
192,192,156200,128,0,156400:0:0:0:0:
448,192,156400,128,0,156600:0:0:0:0:
64,192,156600,128,0,156800:0:0:0:0:
320,192,156600,1,0,0:0:0:0:
192,192,156800,128,0,157000:0:0:0:0:
320,192,157000,128,0,157200:0:0:0:0:
64,192,157200,1,0,0:0:0:0:
64,192,157600,1,0,0:0:0:0:
192,192,157733,1,0,0:0:0:0:
64,192,157866,1,0,0:0:0:0:
448,192,158000,1,0,0:0:0:0:
320,192,158133,1,0,0:0:0:0:
448,192,158266,1,0,0:0:0:0:
64,192,158400,1,0,0:0:0:0:
192,192,158533,1,0,0:0:0:0:
320,192,158666,1,0,0:0:0:0:
448,192,158800,1,0,0:0:0:0:
448,192,159200,1,0,0:0:0:0:
320,192,159333,1,0,0:0:0:0:
448,192,159466,1,0,0:0:0:0:
64,192,159600,1,0,0:0:0:0:
192,192,159733,1,0,0:0:0:0:
64,192,159866,1,0,0:0:0:0:
448,192,160000,1,0,0:0:0:0:
320,192,160133,1,0,0:0:0:0:
192,192,160266,1,0,0:0:0:0:
64,192,160400,1,0,0:0:0:0:
192,192,160500,1,0,0:0:0:0:
320,192,160600,1,0,0:0:0:0:
448,192,160700,1,0,0:0:0:0:
64,192,160800,1,0,0:0:0:0:
192,192,160900,1,0,0:0:0:0:
320,192,161000,1,0,0:0:0:0:
448,192,161100,1,0,0:0:0:0:
192,192,161200,1,0,0:0:0:0:
320,192,161300,1,0,0:0:0:0:
64,192,161400,1,0,0:0:0:0:
448,192,161500,1,0,0:0:0:0:
192,192,161600,1,0,0:0:0:0:
320,192,161700,1,0,0:0:0:0:
448,192,161800,1,0,0:0:0:0:
64,192,161900,1,0,0:0:0:0:
192,192,162000,1,0,0:0:0:0:
320,192,162100,1,0,0:0:0:0:
64,192,162200,1,0,0:0:0:0:
448,192,162300,1,0,0:0:0:0:
320,192,162400,1,0,0:0:0:0:
192,192,162500,1,0,0:0:0:0:
448,192,162600,1,0,0:0:0:0:
320,192,162700,1,0,0:0:0:0:
192,192,162800,1,0,0:0:0:0:
64,192,162900,1,0,0:0:0:0:
320,192,163000,1,0,0:0:0:0:
448,192,163100,1,0,0:0:0:0:
64,192,163200,1,0,0:0:0:0:
192,192,163300,1,0,0:0:0:0:
320,192,163400,1,0,0:0:0:0:
448,192,163500,1,0,0:0:0:0:
64,192,163600,1,0,0:0:0:0:
192,192,164000,1,0,0:0:0:0:
448,192,164133,1,0,0:0:0:0:
192,192,164266,1,0,0:0:0:0:
320,192,164400,1,0,0:0:0:0:
64,192,164533,1,0,0:0:0:0:
320,192,164666,1,0,0:0:0:0:
448,192,164800,1,0,0:0:0:0:
320,192,164933,1,0,0:0:0:0:
192,192,165066,1,0,0:0:0:0:
64,192,165200,1,0,0:0:0:0:
320,192,165600,1,0,0:0:0:0:
64,192,165733,1,0,0:0:0:0:
320,192,165866,1,0,0:0:0:0:
192,192,166000,1,0,0:0:0:0:
448,192,166133,1,0,0:0:0:0:
192,192,166266,1,0,0:0:0:0:
64,192,166400,1,0,0:0:0:0:
192,192,166533,1,0,0:0:0:0:
320,192,166666,1,0,0:0:0:0:
448,192,166800,1,0,0:0:0:0:
320,192,166900,1,0,0:0:0:0:
192,192,167000,1,0,0:0:0:0:
64,192,167100,1,0,0:0:0:0:
448,192,167200,1,0,0:0:0:0:
320,192,167300,1,0,0:0:0:0:
192,192,167400,1,0,0:0:0:0:
64,192,167500,1,0,0:0:0:0:
448,192,167600,1,0,0:0:0:0:
64,192,167700,1,0,0:0:0:0:
192,192,167800,1,0,0:0:0:0:
448,192,167900,1,0,0:0:0:0:
320,192,168000,1,0,0:0:0:0:
64,192,168100,1,0,0:0:0:0:
192,192,168200,1,0,0:0:0:0:
448,192,168300,1,0,0:0:0:0:
64,192,168400,1,0,0:0:0:0:
192,192,168500,1,0,0:0:0:0:
320,192,168600,1,0,0:0:0:0:
64,192,168700,1,0,0:0:0:0:
448,192,168800,1,0,0:0:0:0:
320,192,168900,1,0,0:0:0:0:
64,192,169000,1,0,0:0:0:0:
192,192,169100,1,0,0:0:0:0:
448,192,169200,1,0,0:0:0:0:
320,192,169300,1,0,0:0:0:0:
192,192,169400,1,0,0:0:0:0:
320,192,169600,1,0,0:0:0:0:
448,192,169600,1,0,0:0:0:0:
192,192,169800,1,0,0:0:0:0:
320,192,169800,1,0,0:0:0:0:
192,192,170000,1,0,0:0:0:0:
64,192,170000,1,0,0:0:0:0:
