osu file format v14

[General]
AudioFilename: audio.mp3
AudioLeadIn: 0
PreviewTime: 121401
Countdown: 0
SampleSet: Soft
StackLeniency: 0.7
Mode: 3
LetterboxInBreaks: 0
SpecialStyle: 0
WidescreenStoryboard: 1

[Editor]
DistanceSpacing: 1.4
BeatDivisor: 4
GridSize: 32
TimelineZoom: 2.1

[Metadata]
Title:Abstruse Dilemma
TitleUnicode:Abstruse Dilemma
Artist:Ashrount vs. D-D-Dice
ArtistUnicode:Ashrount vs. D-D-Dice
Creator:Zalenitte
Version:Present
Source:Arcaea
Tags:chiptune imagining after arcaea 3rd song contest dddice dice electronic instrumental
BeatmapID:4274846
BeatmapSetID:2047578

[Difficulty]
HPDrainRate:7.5
CircleSize:4
OverallDifficulty:7.5
ApproachRate:5
SliderMultiplier:1.4
SliderTickRate:1

[Events]
//Background and Video events
0,0,"abstrusedilemma.png",0,0
//Break Periods
//Storyboard Layer 0 (Background)
//Storyboard Layer 1 (Fail)
//Storyboard Layer 2 (Pass)
//Storyboard Layer 3 (Foreground)
//Storyboard Layer 4 (Overlay)
//Storyboard Sound Samples

[TimingPoints]
846.053097345133,277.777777777778,4,2,0,100,1,0


[HitObjects]
448,192,568,5,0,0:0:0:0:
192,192,707,1,0,0:0:0:0:
320,192,776,1,0,0:0:0:0:
64,192,846,1,0,0:0:0:0:
448,192,846,128,0,1957:0:0:0:0:
320,192,1957,1,0,0:0:0:0:
64,192,1957,128,0,2512:0:0:0:0:
448,192,2512,1,0,0:0:0:0:
320,192,2512,128,0,3068:0:0:0:0:
64,192,3068,1,0,0:0:0:0:
448,192,3068,128,0,4179:0:0:0:0:
192,192,3346,1,0,0:0:0:0:
320,192,3623,1,0,0:0:0:0:
320,192,4179,1,0,0:0:0:0:
64,192,4179,128,0,4734:0:0:0:0:
192,192,4457,1,0,0:0:0:0:
320,192,4734,1,0,0:0:0:0:
448,192,4734,128,0,5012:0:0:0:0:
64,192,5012,1,0,0:0:0:0:
448,192,5290,1,0,0:0:0:0:
192,192,5290,128,0,6401:0:0:0:0:
320,192,5568,1,0,0:0:0:0:
64,192,5846,1,0,0:0:0:0:
64,192,6401,1,0,0:0:0:0:
320,192,6401,128,0,6957:0:0:0:0:
448,192,6957,128,0,7234:0:0:0:0:
192,192,6957,1,0,0:0:0:0:
64,192,7234,1,0,0:0:0:0:
448,192,7512,1,0,0:0:0:0:
64,192,7512,128,0,8623:0:0:0:0:
320,192,7790,1,0,0:0:0:0:
192,192,8068,1,0,0:0:0:0:
192,192,8623,1,0,0:0:0:0:
320,192,8623,128,0,9734:0:0:0:0:
64,192,9734,1,0,0:0:0:0:
448,192,9734,1,0,0:0:0:0:
192,192,9734,1,0,0:0:0:0:
448,192,10012,1,0,0:0:0:0:
64,192,10012,1,0,0:0:0:0:
320,192,10105,1,0,0:0:0:0:
192,192,10197,1,0,0:0:0:0:
448,192,10290,1,0,0:0:0:0:
64,192,10290,1,0,0:0:0:0:
448,192,10568,1,0,0:0:0:0:
64,192,10568,1,0,0:0:0:0:
192,192,10660,1,0,0:0:0:0:
320,192,10753,1,0,0:0:0:0:
64,192,10846,1,0,0:0:0:0:
448,192,10846,1,0,0:0:0:0:
64,192,11123,1,0,0:0:0:0:
448,192,11123,1,0,0:0:0:0:
320,192,11216,1,0,0:0:0:0:
192,192,11309,1,0,0:0:0:0:
64,192,11401,1,0,0:0:0:0:
448,192,11401,1,0,0:0:0:0:
192,192,11494,1,0,0:0:0:0:
320,192,11586,1,0,0:0:0:0:
448,192,11679,1,0,0:0:0:0:
64,192,11679,1,0,0:0:0:0:
320,192,11771,1,0,0:0:0:0:
192,192,11864,1,0,0:0:0:0:
64,192,11957,1,0,0:0:0:0:
448,192,11957,1,0,0:0:0:0:
192,192,12234,1,0,0:0:0:0:
448,192,12234,1,0,0:0:0:0:
320,192,12327,1,0,0:0:0:0:
192,192,12420,1,0,0:0:0:0:
64,192,12512,1,0,0:0:0:0:
320,192,12512,1,0,0:0:0:0:
320,192,12790,1,0,0:0:0:0:
64,192,12790,1,0,0:0:0:0:
192,192,12883,1,0,0:0:0:0:
320,192,12975,1,0,0:0:0:0:
192,192,13068,1,0,0:0:0:0:
448,192,13068,1,0,0:0:0:0:
448,192,13346,1,0,0:0:0:0:
192,192,13346,1,0,0:0:0:0:
320,192,13438,1,0,0:0:0:0:
192,192,13531,1,0,0:0:0:0:
64,192,13623,1,0,0:0:0:0:
320,192,13623,1,0,0:0:0:0:
192,192,13716,1,0,0:0:0:0:
320,192,13809,1,0,0:0:0:0:
192,192,13901,1,0,0:0:0:0:
448,192,13901,1,0,0:0:0:0:
320,192,13994,1,0,0:0:0:0:
192,192,14086,1,0,0:0:0:0:
448,192,14179,1,0,0:0:0:0:
320,192,14179,1,0,0:0:0:0:
64,192,14179,1,0,0:0:0:0:
448,192,14457,1,0,0:0:0:0:
320,192,14457,1,0,0:0:0:0:
64,192,14549,1,0,0:0:0:0:
448,192,14642,1,0,0:0:0:0:
192,192,14734,1,0,0:0:0:0:
64,192,14734,1,0,0:0:0:0:
448,192,14827,1,0,0:0:0:0:
320,192,14920,1,0,0:0:0:0:
192,192,15012,1,0,0:0:0:0:
64,192,15012,1,0,0:0:0:0:
448,192,15105,1,0,0:0:0:0:
64,192,15197,1,0,0:0:0:0:
320,192,15290,1,0,0:0:0:0:
448,192,15290,1,0,0:0:0:0:
64,192,15383,1,0,0:0:0:0:
192,192,15475,1,0,0:0:0:0:
320,192,15568,1,0,0:0:0:0:
448,192,15568,1,0,0:0:0:0:
64,192,15660,1,0,0:0:0:0:
448,192,15753,1,0,0:0:0:0:
192,192,15846,1,0,0:0:0:0:
64,192,15846,1,0,0:0:0:0:
320,192,15938,1,0,0:0:0:0:
192,192,16031,1,0,0:0:0:0:
320,192,16123,1,0,0:0:0:0:
448,192,16123,1,0,0:0:0:0:
64,192,16216,1,0,0:0:0:0:
448,192,16309,1,0,0:0:0:0:
192,192,16401,1,0,0:0:0:0:
64,192,16401,1,0,0:0:0:0:
320,192,16401,1,0,0:0:0:0:
64,192,16679,1,0,0:0:0:0:
192,192,16679,1,0,0:0:0:0:
320,192,16771,1,0,0:0:0:0:
192,192,16864,1,0,0:0:0:0:
320,192,16957,1,0,0:0:0:0:
448,192,16957,1,0,0:0:0:0:
192,192,17049,1,0,0:0:0:0:
64,192,17142,1,0,0:0:0:0:
320,192,17234,1,0,0:0:0:0:
448,192,17234,1,0,0:0:0:0:
192,192,17327,1,0,0:0:0:0:
320,192,17420,1,0,0:0:0:0:
192,192,17512,1,0,0:0:0:0:
64,192,17512,1,0,0:0:0:0:
448,192,17582,1,0,0:0:0:0:
320,192,17651,1,0,0:0:0:0:
64,192,17721,1,0,0:0:0:0:
192,192,17790,1,0,0:0:0:0:
448,192,17859,1,0,0:0:0:0:
320,192,17929,1,0,0:0:0:0:
64,192,17998,1,0,0:0:0:0:
192,192,18068,1,0,0:0:0:0:
448,192,18137,1,0,0:0:0:0:
320,192,18207,1,0,0:0:0:0:
64,192,18276,1,0,0:0:0:0:
192,192,18346,1,0,0:0:0:0:
448,192,18415,1,0,0:0:0:0:
320,192,18484,1,0,0:0:0:0:
64,192,18554,1,0,0:0:0:0:
192,192,18623,128,0,18901:0:0:0:0:
448,192,18623,128,0,18901:0:0:0:0:
320,192,18901,1,0,0:0:0:0:
320,192,19179,1,0,0:0:0:0:
192,192,19457,1,0,0:0:0:0:
64,192,19734,1,0,0:0:0:0:
192,192,19734,1,0,0:0:0:0:
320,192,19827,1,0,0:0:0:0:
448,192,19920,1,0,0:0:0:0:
64,192,19920,1,0,0:0:0:0:
192,192,20012,1,0,0:0:0:0:
320,192,20105,1,0,0:0:0:0:
448,192,20105,1,0,0:0:0:0:
64,192,20197,1,0,0:0:0:0:
192,192,20290,1,0,0:0:0:0:
320,192,20290,128,0,20568:0:0:0:0:
448,192,20568,1,0,0:0:0:0:
64,192,20660,1,0,0:0:0:0:
192,192,20753,1,0,0:0:0:0:
448,192,20846,1,0,0:0:0:0:
320,192,20846,128,0,21401:0:0:0:0:
64,192,21123,1,0,0:0:0:0:
448,192,21123,1,0,0:0:0:0:
192,192,21401,1,0,0:0:0:0:
64,192,21401,1,0,0:0:0:0:
64,192,21679,1,0,0:0:0:0:
448,192,21679,1,0,0:0:0:0:
192,192,21864,1,0,0:0:0:0:
320,192,21957,1,0,0:0:0:0:
448,192,21957,1,0,0:0:0:0:
192,192,22142,1,0,0:0:0:0:
64,192,22234,1,0,0:0:0:0:
448,192,22234,1,0,0:0:0:0:
320,192,22420,1,0,0:0:0:0:
192,192,22512,1,0,0:0:0:0:
64,192,22512,1,0,0:0:0:0:
320,192,22697,1,0,0:0:0:0:
448,192,22790,1,0,0:0:0:0:
64,192,22790,1,0,0:0:0:0:
192,192,22883,1,0,0:0:0:0:
320,192,22975,1,0,0:0:0:0:
64,192,23068,1,0,0:0:0:0:
192,192,23068,128,0,23623:0:0:0:0:
64,192,23346,1,0,0:0:0:0:
448,192,23346,1,0,0:0:0:0:
320,192,23623,1,0,0:0:0:0:
448,192,23623,1,0,0:0:0:0:
192,192,23809,1,0,0:0:0:0:
64,192,23901,1,0,0:0:0:0:
448,192,23901,1,0,0:0:0:0:
320,192,24086,1,0,0:0:0:0:
64,192,24179,1,0,0:0:0:0:
192,192,24179,128,0,24457:0:0:0:0:
64,192,24457,1,0,0:0:0:0:
448,192,24457,1,0,0:0:0:0:
320,192,24734,1,0,0:0:0:0:
448,192,24734,1,0,0:0:0:0:
448,192,25012,1,0,0:0:0:0:
64,192,25012,1,0,0:0:0:0:
320,192,25197,1,0,0:0:0:0:
192,192,25290,1,0,0:0:0:0:
64,192,25290,1,0,0:0:0:0:
320,192,25475,1,0,0:0:0:0:
64,192,25568,1,0,0:0:0:0:
448,192,25568,1,0,0:0:0:0:
192,192,25568,1,0,0:0:0:0:
192,192,25753,1,0,0:0:0:0:
320,192,25846,1,0,0:0:0:0:
448,192,25846,1,0,0:0:0:0:
192,192,26031,1,0,0:0:0:0:
64,192,26123,1,0,0:0:0:0:
320,192,26123,1,0,0:0:0:0:
448,192,26123,1,0,0:0:0:0:
448,192,26309,1,0,0:0:0:0:
64,192,26401,1,0,0:0:0:0:
192,192,26401,1,0,0:0:0:0:
448,192,26586,1,0,0:0:0:0:
192,192,26679,1,0,0:0:0:0:
320,192,26679,1,0,0:0:0:0:
64,192,26679,1,0,0:0:0:0:
64,192,26864,1,0,0:0:0:0:
448,192,26957,1,0,0:0:0:0:
320,192,26957,1,0,0:0:0:0:
64,192,27142,1,0,0:0:0:0:
192,192,27234,1,0,0:0:0:0:
448,192,27234,1,0,0:0:0:0:
320,192,27234,1,0,0:0:0:0:
320,192,27420,1,0,0:0:0:0:
192,192,27512,1,0,0:0:0:0:
64,192,27512,128,0,27790:0:0:0:0:
192,192,27790,1,0,0:0:0:0:
320,192,27790,1,0,0:0:0:0:
448,192,27790,1,0,0:0:0:0:
192,192,27975,1,0,0:0:0:0:
448,192,28068,128,0,28346:0:0:0:0:
320,192,28068,1,0,0:0:0:0:
64,192,28346,1,0,0:0:0:0:
192,192,28346,1,0,0:0:0:0:
320,192,28346,1,0,0:0:0:0:
64,192,28623,1,0,0:0:0:0:
192,192,28716,1,0,0:0:0:0:
448,192,28809,1,0,0:0:0:0:
320,192,28901,1,0,0:0:0:0:
64,192,28994,1,0,0:0:0:0:
192,192,29086,1,0,0:0:0:0:
448,192,29179,1,0,0:0:0:0:
192,192,29457,1,0,0:0:0:0:
320,192,29549,1,0,0:0:0:0:
448,192,29642,1,0,0:0:0:0:
64,192,29734,1,0,0:0:0:0:
192,192,29734,128,0,30290:0:0:0:0:
448,192,30012,1,0,0:0:0:0:
64,192,30012,1,0,0:0:0:0:
320,192,30290,1,0,0:0:0:0:
448,192,30290,1,0,0:0:0:0:
448,192,30568,1,0,0:0:0:0:
64,192,30568,1,0,0:0:0:0:
320,192,30753,1,0,0:0:0:0:
192,192,30846,1,0,0:0:0:0:
64,192,30846,1,0,0:0:0:0:
320,192,31031,1,0,0:0:0:0:
448,192,31123,1,0,0:0:0:0:
64,192,31123,1,0,0:0:0:0:
192,192,31309,1,0,0:0:0:0:
320,192,31401,1,0,0:0:0:0:
448,192,31401,1,0,0:0:0:0:
192,192,31586,1,0,0:0:0:0:
64,192,31679,1,0,0:0:0:0:
448,192,31679,1,0,0:0:0:0:
64,192,31957,1,0,0:0:0:0:
192,192,31957,128,0,32234:0:0:0:0:
64,192,32234,1,0,0:0:0:0:
448,192,32234,1,0,0:0:0:0:
448,192,32512,1,0,0:0:0:0:
320,192,32512,128,0,32790:0:0:0:0:
448,192,32790,1,0,0:0:0:0:
64,192,32790,1,0,0:0:0:0:
64,192,33068,1,0,0:0:0:0:
192,192,33068,128,0,33346:0:0:0:0:
64,192,33346,1,0,0:0:0:0:
448,192,33346,1,0,0:0:0:0:
192,192,33531,1,0,0:0:0:0:
320,192,33623,1,0,0:0:0:0:
448,192,33623,1,0,0:0:0:0:
320,192,33809,1,0,0:0:0:0:
64,192,33901,1,0,0:0:0:0:
448,192,33994,1,0,0:0:0:0:
64,192,34086,1,0,0:0:0:0:
448,192,34179,1,0,0:0:0:0:
192,192,34364,1,0,0:0:0:0:
448,192,34457,1,0,0:0:0:0:
64,192,34549,1,0,0:0:0:0:
448,192,34642,1,0,0:0:0:0:
320,192,34688,1,0,0:0:0:0:
64,192,34734,1,0,0:0:0:0:
320,192,34920,1,0,0:0:0:0:
64,192,35012,1,0,0:0:0:0:
448,192,35105,1,0,0:0:0:0:
64,192,35197,1,0,0:0:0:0:
192,192,35244,1,0,0:0:0:0:
448,192,35290,1,0,0:0:0:0:
320,192,35336,1,0,0:0:0:0:
192,192,35475,1,0,0:0:0:0:
448,192,35568,1,0,0:0:0:0:
320,192,35614,1,0,0:0:0:0:
64,192,35660,1,0,0:0:0:0:
448,192,35753,1,0,0:0:0:0:
64,192,35846,1,0,0:0:0:0:
192,192,35892,1,0,0:0:0:0:
320,192,36031,1,0,0:0:0:0:
64,192,36123,1,0,0:0:0:0:
192,192,36170,1,0,0:0:0:0:
448,192,36216,1,0,0:0:0:0:
448,192,36401,128,0,36679:0:0:0:0:
192,192,36679,1,0,0:0:0:0:
320,192,36771,1,0,0:0:0:0:
448,192,36864,1,0,0:0:0:0:
64,192,36957,128,0,37234:0:0:0:0:
320,192,37234,1,0,0:0:0:0:
192,192,37327,1,0,0:0:0:0:
64,192,37420,1,0,0:0:0:0:
448,192,37512,128,0,37790:0:0:0:0:
192,192,37790,1,0,0:0:0:0:
320,192,37883,1,0,0:0:0:0:
448,192,37975,1,0,0:0:0:0:
320,192,38068,1,0,0:0:0:0:
192,192,38160,1,0,0:0:0:0:
64,192,38253,1,0,0:0:0:0:
192,192,38346,1,0,0:0:0:0:
320,192,38438,1,0,0:0:0:0:
448,192,38531,1,0,0:0:0:0:
192,192,38623,128,0,39734:0:0:0:0:
448,192,39457,128,0,39734:0:0:0:0:
64,192,39734,128,0,40012:0:0:0:0:
192,192,40012,128,0,40290:0:0:0:0:
320,192,40290,128,0,40568:0:0:0:0:
448,192,40568,128,0,40846:0:0:0:0:
192,192,40846,128,0,41401:0:0:0:0:
448,192,41401,128,0,41957:0:0:0:0:
64,192,41957,128,0,42512:0:0:0:0:
320,192,42512,128,0,43068:0:0:0:0:
448,192,43068,128,0,43901:0:0:0:0:
64,192,43901,128,0,44179:0:0:0:0:
448,192,44179,128,0,44457:0:0:0:0:
320,192,44457,128,0,44734:0:0:0:0:
192,192,44734,128,0,45012:0:0:0:0:
64,192,45012,128,0,45290:0:0:0:0:
320,192,45290,128,0,45846:0:0:0:0:
64,192,45846,128,0,46401:0:0:0:0:
192,192,46401,1,0,0:0:0:0:
448,192,46401,1,0,0:0:0:0:
320,192,46586,1,0,0:0:0:0:
192,192,46679,1,0,0:0:0:0:
64,192,46771,1,0,0:0:0:0:
448,192,46864,1,0,0:0:0:0:
320,192,46957,1,0,0:0:0:0:
192,192,47049,1,0,0:0:0:0:
64,192,47142,1,0,0:0:0:0:
320,192,47234,1,0,0:0:0:0:
448,192,47327,1,0,0:0:0:0:
192,192,47420,1,0,0:0:0:0:
448,192,47512,128,0,48068:0:0:0:0:
192,192,47790,1,0,0:0:0:0:
64,192,47790,1,0,0:0:0:0:
320,192,48068,1,0,0:0:0:0:
448,192,48253,1,0,0:0:0:0:
64,192,48346,128,0,48623:0:0:0:0:
192,192,48346,1,0,0:0:0:0:
448,192,48623,128,0,48901:0:0:0:0:
192,192,48901,1,0,0:0:0:0:
320,192,48901,128,0,49179:0:0:0:0:
64,192,49086,1,0,0:0:0:0:
192,192,49179,128,0,49457:0:0:0:0:
448,192,49364,1,0,0:0:0:0:
320,192,49457,128,0,49734:0:0:0:0:
64,192,49457,1,0,0:0:0:0:
448,192,49734,128,0,50290:0:0:0:0:
320,192,50012,1,0,0:0:0:0:
192,192,50012,1,0,0:0:0:0:
64,192,50290,128,0,50846:0:0:0:0:
192,192,50568,1,0,0:0:0:0:
448,192,50568,1,0,0:0:0:0:
448,192,50846,128,0,51401:0:0:0:0:
320,192,51031,1,0,0:0:0:0:
192,192,51123,1,0,0:0:0:0:
64,192,51123,1,0,0:0:0:0:
320,192,51309,1,0,0:0:0:0:
192,192,51401,128,0,51957:0:0:0:0:
320,192,51679,1,0,0:0:0:0:
448,192,51679,1,0,0:0:0:0:
320,192,51957,1,0,0:0:0:0:
448,192,51957,128,0,52790:0:0:0:0:
64,192,52234,1,0,0:0:0:0:
192,192,52234,1,0,0:0:0:0:
320,192,52420,1,0,0:0:0:0:
192,192,52512,1,0,0:0:0:0:
64,192,52790,128,0,53068:0:0:0:0:
320,192,52790,1,0,0:0:0:0:
192,192,52975,1,0,0:0:0:0:
448,192,53068,128,0,53346:0:0:0:0:
320,192,53068,1,0,0:0:0:0:
64,192,53346,1,0,0:0:0:0:
192,192,53346,128,0,53623:0:0:0:0:
320,192,53623,128,0,53901:0:0:0:0:
448,192,53623,1,0,0:0:0:0:
192,192,53901,1,0,0:0:0:0:
64,192,53901,128,0,54179:0:0:0:0:
448,192,54179,1,0,0:0:0:0:
320,192,54179,1,0,0:0:0:0:
192,192,54271,1,0,0:0:0:0:
64,192,54364,1,0,0:0:0:0:
192,192,54457,1,0,0:0:0:0:
448,192,54457,1,0,0:0:0:0:
320,192,54549,1,0,0:0:0:0:
448,192,54642,1,0,0:0:0:0:
64,192,54734,1,0,0:0:0:0:
192,192,54734,1,0,0:0:0:0:
320,192,54827,1,0,0:0:0:0:
448,192,54920,1,0,0:0:0:0:
320,192,55012,1,0,0:0:0:0:
64,192,55012,1,0,0:0:0:0:
192,192,55105,1,0,0:0:0:0:
64,192,55197,1,0,0:0:0:0:
320,192,55290,1,0,0:0:0:0:
448,192,55290,1,0,0:0:0:0:
192,192,55383,1,0,0:0:0:0:
64,192,55475,1,0,0:0:0:0:
448,192,55475,1,0,0:0:0:0:
320,192,55568,1,0,0:0:0:0:
192,192,55660,1,0,0:0:0:0:
64,192,55660,1,0,0:0:0:0:
448,192,55753,1,0,0:0:0:0:
320,192,55846,1,0,0:0:0:0:
192,192,55846,1,0,0:0:0:0:
64,192,56031,1,0,0:0:0:0:
192,192,56123,1,0,0:0:0:0:
64,192,56216,1,0,0:0:0:0:
192,192,56309,1,0,0:0:0:0:
320,192,56401,128,0,57234:0:0:0:0:
448,192,56401,128,0,57234:0:0:0:0:
320,192,57512,1,0,0:0:0:0:
64,192,57512,128,0,57790:0:0:0:0:
320,192,57790,128,0,58068:0:0:0:0:
64,192,58068,128,0,58346:0:0:0:0:
320,192,58346,1,0,0:0:0:0:
448,192,58346,1,0,0:0:0:0:
192,192,58438,1,0,0:0:0:0:
448,192,58531,1,0,0:0:0:0:
192,192,58623,1,0,0:0:0:0:
64,192,58623,1,0,0:0:0:0:
320,192,58623,1,0,0:0:0:0:
320,192,58901,1,0,0:0:0:0:
192,192,58901,1,0,0:0:0:0:
64,192,59086,1,0,0:0:0:0:
320,192,59179,1,0,0:0:0:0:
448,192,59179,1,0,0:0:0:0:
192,192,59364,1,0,0:0:0:0:
320,192,59457,1,0,0:0:0:0:
448,192,59457,1,0,0:0:0:0:
448,192,59642,1,0,0:0:0:0:
320,192,59734,1,0,0:0:0:0:
192,192,59734,1,0,0:0:0:0:
64,192,59734,1,0,0:0:0:0:
192,192,60012,1,0,0:0:0:0:
320,192,60012,1,0,0:0:0:0:
64,192,60197,1,0,0:0:0:0:
448,192,60290,1,0,0:0:0:0:
320,192,60290,1,0,0:0:0:0:
192,192,60475,1,0,0:0:0:0:
448,192,60568,1,0,0:0:0:0:
320,192,60568,1,0,0:0:0:0:
448,192,60753,1,0,0:0:0:0:
192,192,60846,1,0,0:0:0:0:
320,192,60846,1,0,0:0:0:0:
64,192,60846,1,0,0:0:0:0:
320,192,61123,1,0,0:0:0:0:
192,192,61123,1,0,0:0:0:0:
64,192,61309,1,0,0:0:0:0:
320,192,61401,1,0,0:0:0:0:
448,192,61401,1,0,0:0:0:0:
192,192,61586,1,0,0:0:0:0:
320,192,61679,1,0,0:0:0:0:
448,192,61679,1,0,0:0:0:0:
448,192,61864,1,0,0:0:0:0:
64,192,61957,1,0,0:0:0:0:
320,192,61957,1,0,0:0:0:0:
192,192,61957,1,0,0:0:0:0:
320,192,62234,1,0,0:0:0:0:
448,192,62234,1,0,0:0:0:0:
64,192,62512,1,0,0:0:0:0:
192,192,62512,1,0,0:0:0:0:
448,192,62697,1,0,0:0:0:0:
320,192,62790,1,0,0:0:0:0:
192,192,62790,1,0,0:0:0:0:
320,192,63068,1,0,0:0:0:0:
448,192,63068,1,0,0:0:0:0:
192,192,63253,1,0,0:0:0:0:
320,192,63346,1,0,0:0:0:0:
448,192,63346,1,0,0:0:0:0:
64,192,63623,1,0,0:0:0:0:
192,192,63623,1,0,0:0:0:0:
320,192,63809,1,0,0:0:0:0:
192,192,63901,1,0,0:0:0:0:
64,192,63901,1,0,0:0:0:0:
448,192,64086,1,0,0:0:0:0:
320,192,64133,1,0,0:0:0:0:
192,192,64179,1,0,0:0:0:0:
64,192,64179,1,0,0:0:0:0:
64,192,64457,1,0,0:0:0:0:
448,192,64457,1,0,0:0:0:0:
448,192,64734,1,0,0:0:0:0:
192,192,64734,1,0,0:0:0:0:
192,192,65012,1,0,0:0:0:0:
320,192,65012,1,0,0:0:0:0:
64,192,65290,1,0,0:0:0:0:
448,192,65290,1,0,0:0:0:0:
320,192,65383,1,0,0:0:0:0:
64,192,65475,1,0,0:0:0:0:
192,192,65475,1,0,0:0:0:0:
320,192,65568,1,0,0:0:0:0:
448,192,65568,1,0,0:0:0:0:
64,192,65846,1,0,0:0:0:0:
448,192,65846,1,0,0:0:0:0:
192,192,65938,1,0,0:0:0:0:
320,192,66031,1,0,0:0:0:0:
448,192,66031,1,0,0:0:0:0:
192,192,66123,1,0,0:0:0:0:
64,192,66123,1,0,0:0:0:0:
448,192,66401,1,0,0:0:0:0:
64,192,66401,1,0,0:0:0:0:
320,192,66494,1,0,0:0:0:0:
192,192,66586,1,0,0:0:0:0:
64,192,66586,1,0,0:0:0:0:
320,192,66679,1,0,0:0:0:0:
448,192,66679,1,0,0:0:0:0:
64,192,66771,1,0,0:0:0:0:
320,192,66864,1,0,0:0:0:0:
448,192,66864,1,0,0:0:0:0:
64,192,66957,1,0,0:0:0:0:
192,192,66957,1,0,0:0:0:0:
448,192,67142,1,0,0:0:0:0:
320,192,67234,1,0,0:0:0:0:
192,192,67327,1,0,0:0:0:0:
64,192,67420,1,0,0:0:0:0:
320,192,67512,1,0,0:0:0:0:
448,192,67512,1,0,0:0:0:0:
192,192,67512,1,0,0:0:0:0:
192,192,67790,1,0,0:0:0:0:
320,192,67790,1,0,0:0:0:0:
448,192,67975,1,0,0:0:0:0:
192,192,68068,1,0,0:0:0:0:
64,192,68068,1,0,0:0:0:0:
320,192,68253,1,0,0:0:0:0:
192,192,68346,1,0,0:0:0:0:
64,192,68346,1,0,0:0:0:0:
64,192,68531,1,0,0:0:0:0:
192,192,68623,1,0,0:0:0:0:
320,192,68623,1,0,0:0:0:0:
448,192,68623,1,0,0:0:0:0:
320,192,68901,1,0,0:0:0:0:
192,192,68901,1,0,0:0:0:0:
448,192,69086,1,0,0:0:0:0:
64,192,69179,1,0,0:0:0:0:
192,192,69179,1,0,0:0:0:0:
320,192,69364,1,0,0:0:0:0:
64,192,69457,1,0,0:0:0:0:
192,192,69457,1,0,0:0:0:0:
64,192,69642,1,0,0:0:0:0:
320,192,69734,1,0,0:0:0:0:
192,192,69734,1,0,0:0:0:0:
448,192,69734,1,0,0:0:0:0:
64,192,70012,128,0,70290:0:0:0:0:
448,192,70105,128,0,70290:0:0:0:0:
320,192,70290,1,0,0:0:0:0:
192,192,70290,1,0,0:0:0:0:
64,192,70475,1,0,0:0:0:0:
192,192,70568,1,0,0:0:0:0:
320,192,70660,1,0,0:0:0:0:
448,192,70846,1,0,0:0:0:0:
320,192,70892,1,0,0:0:0:0:
64,192,70938,1,0,0:0:0:0:
192,192,70984,1,0,0:0:0:0:
448,192,71031,1,0,0:0:0:0:
64,192,71123,1,0,0:0:0:0:
192,192,71216,1,0,0:0:0:0:
448,192,71309,1,0,0:0:0:0:
64,192,71401,1,0,0:0:0:0:
320,192,71401,1,0,0:0:0:0:
192,192,71586,1,0,0:0:0:0:
64,192,71679,1,0,0:0:0:0:
448,192,71679,1,0,0:0:0:0:
192,192,71864,1,0,0:0:0:0:
320,192,71864,1,0,0:0:0:0:
448,192,72142,1,0,0:0:0:0:
192,192,72234,1,0,0:0:0:0:
64,192,72234,1,0,0:0:0:0:
64,192,72420,1,0,0:0:0:0:
320,192,72512,1,0,0:0:0:0:
448,192,72512,1,0,0:0:0:0:
448,192,72697,1,0,0:0:0:0:
192,192,72790,1,0,0:0:0:0:
64,192,72790,1,0,0:0:0:0:
64,192,72975,1,0,0:0:0:0:
320,192,73068,1,0,0:0:0:0:
448,192,73068,1,0,0:0:0:0:
448,192,73346,1,0,0:0:0:0:
64,192,73346,1,0,0:0:0:0:
64,192,73623,1,0,0:0:0:0:
320,192,73623,1,0,0:0:0:0:
320,192,73901,1,0,0:0:0:0:
192,192,73901,1,0,0:0:0:0:
448,192,74179,1,0,0:0:0:0:
320,192,74179,1,0,0:0:0:0:
192,192,74271,1,0,0:0:0:0:
64,192,74271,1,0,0:0:0:0:
320,192,74364,1,0,0:0:0:0:
448,192,74364,1,0,0:0:0:0:
192,192,74457,1,0,0:0:0:0:
64,192,74457,1,0,0:0:0:0:
320,192,74549,1,0,0:0:0:0:
448,192,74549,1,0,0:0:0:0:
192,192,74642,1,0,0:0:0:0:
64,192,74642,1,0,0:0:0:0:
320,192,74734,1,0,0:0:0:0:
448,192,74734,1,0,0:0:0:0:
192,192,75012,1,0,0:0:0:0:
64,192,75012,1,0,0:0:0:0:
320,192,75105,1,0,0:0:0:0:
448,192,75105,1,0,0:0:0:0:
192,192,75197,1,0,0:0:0:0:
64,192,75197,1,0,0:0:0:0:
320,192,75290,1,0,0:0:0:0:
448,192,75290,1,0,0:0:0:0:
192,192,75383,1,0,0:0:0:0:
64,192,75383,1,0,0:0:0:0:
320,192,75475,1,0,0:0:0:0:
448,192,75475,1,0,0:0:0:0:
64,192,75568,1,0,0:0:0:0:
192,192,75568,1,0,0:0:0:0:
448,192,75846,1,0,0:0:0:0:
320,192,75846,1,0,0:0:0:0:
192,192,75938,1,0,0:0:0:0:
64,192,75938,1,0,0:0:0:0:
320,192,76031,1,0,0:0:0:0:
448,192,76031,1,0,0:0:0:0:
192,192,76123,1,0,0:0:0:0:
64,192,76123,1,0,0:0:0:0:
320,192,76216,1,0,0:0:0:0:
448,192,76216,1,0,0:0:0:0:
192,192,76309,1,0,0:0:0:0:
64,192,76309,1,0,0:0:0:0:
320,192,76401,1,0,0:0:0:0:
448,192,76401,1,0,0:0:0:0:
448,192,76679,1,0,0:0:0:0:
64,192,76679,1,0,0:0:0:0:
320,192,76771,1,0,0:0:0:0:
192,192,76864,1,0,0:0:0:0:
64,192,76957,1,0,0:0:0:0:
448,192,77234,1,0,0:0:0:0:
64,192,77234,1,0,0:0:0:0:
192,192,77327,1,0,0:0:0:0:
320,192,77420,1,0,0:0:0:0:
448,192,77512,1,0,0:0:0:0:
448,192,77790,1,0,0:0:0:0:
64,192,77790,1,0,0:0:0:0:
320,192,77883,1,0,0:0:0:0:
192,192,77975,1,0,0:0:0:0:
64,192,78068,1,0,0:0:0:0:
192,192,78160,1,0,0:0:0:0:
320,192,78253,1,0,0:0:0:0:
448,192,78346,1,0,0:0:0:0:
64,192,78346,1,0,0:0:0:0:
320,192,78438,1,0,0:0:0:0:
192,192,78531,1,0,0:0:0:0:
448,192,78623,1,0,0:0:0:0:
320,192,78623,1,0,0:0:0:0:
64,192,78901,1,0,0:0:0:0:
448,192,78901,1,0,0:0:0:0:
192,192,78994,1,0,0:0:0:0:
320,192,79086,1,0,0:0:0:0:
448,192,79179,1,0,0:0:0:0:
64,192,79457,1,0,0:0:0:0:
448,192,79457,1,0,0:0:0:0:
320,192,79549,1,0,0:0:0:0:
192,192,79642,1,0,0:0:0:0:
64,192,79734,1,0,0:0:0:0:
448,192,80012,1,0,0:0:0:0:
64,192,80012,1,0,0:0:0:0:
192,192,80105,1,0,0:0:0:0:
320,192,80197,1,0,0:0:0:0:
448,192,80290,1,0,0:0:0:0:
320,192,80383,1,0,0:0:0:0:
192,192,80475,1,0,0:0:0:0:
64,192,80568,1,0,0:0:0:0:
448,192,80568,1,0,0:0:0:0:
192,192,80660,1,0,0:0:0:0:
320,192,80753,1,0,0:0:0:0:
64,192,80846,1,0,0:0:0:0:
192,192,80892,1,0,0:0:0:0:
320,192,80938,1,0,0:0:0:0:
64,192,81031,1,0,0:0:0:0:
320,192,81123,1,0,0:0:0:0:
192,192,81216,1,0,0:0:0:0:
64,192,81309,1,0,0:0:0:0:
448,192,81401,1,0,0:0:0:0:
320,192,81447,1,0,0:0:0:0:
192,192,81494,1,0,0:0:0:0:
448,192,81586,1,0,0:0:0:0:
192,192,81679,1,0,0:0:0:0:
320,192,81771,1,0,0:0:0:0:
448,192,81864,1,0,0:0:0:0:
64,192,81957,1,0,0:0:0:0:
192,192,82003,1,0,0:0:0:0:
320,192,82049,1,0,0:0:0:0:
64,192,82142,1,0,0:0:0:0:
320,192,82234,1,0,0:0:0:0:
192,192,82327,1,0,0:0:0:0:
64,192,82420,1,0,0:0:0:0:
448,192,82512,1,0,0:0:0:0:
320,192,82559,1,0,0:0:0:0:
192,192,82605,1,0,0:0:0:0:
448,192,82697,1,0,0:0:0:0:
64,192,82790,1,0,0:0:0:0:
192,192,82836,1,0,0:0:0:0:
320,192,82883,1,0,0:0:0:0:
64,192,82975,1,0,0:0:0:0:
448,192,83068,1,0,0:0:0:0:
192,192,83346,128,0,83623:0:0:0:0:
448,192,83623,1,0,0:0:0:0:
320,192,83901,128,0,84179:0:0:0:0:
64,192,84179,1,0,0:0:0:0:
192,192,84457,128,0,84734:0:0:0:0:
320,192,84734,128,0,85012:0:0:0:0:
192,192,85012,128,0,85290:0:0:0:0:
64,192,85290,128,0,85660:0:0:0:0:
448,192,85290,128,0,85660:0:0:0:0:
448,192,85846,1,0,0:0:0:0:
320,192,85846,1,0,0:0:0:0:
192,192,85846,1,0,0:0:0:0:
64,192,86031,1,0,0:0:0:0:
192,192,86031,1,0,0:0:0:0:
320,192,86031,1,0,0:0:0:0:
64,192,86216,1,0,0:0:0:0:
192,192,86216,1,0,0:0:0:0:
320,192,86216,1,0,0:0:0:0:
448,192,86401,1,0,0:0:0:0:
320,192,86494,1,0,0:0:0:0:
192,192,86586,1,0,0:0:0:0:
448,192,86679,1,0,0:0:0:0:
320,192,86771,1,0,0:0:0:0:
448,192,86864,1,0,0:0:0:0:
192,192,86957,128,0,87234:0:0:0:0:
64,192,86957,128,0,87234:0:0:0:0:
320,192,86957,1,0,0:0:0:0:
64,192,87420,1,0,0:0:0:0:
320,192,87512,1,0,0:0:0:0:
448,192,87512,1,0,0:0:0:0:
64,192,87697,1,0,0:0:0:0:
448,192,87790,1,0,0:0:0:0:
320,192,87836,1,0,0:0:0:0:
192,192,87883,1,0,0:0:0:0:
448,192,87975,1,0,0:0:0:0:
64,192,88068,1,0,0:0:0:0:
192,192,88068,1,0,0:0:0:0:
320,192,88068,1,0,0:0:0:0:
448,192,88253,1,0,0:0:0:0:
320,192,88253,1,0,0:0:0:0:
192,192,88253,1,0,0:0:0:0:
448,192,88438,1,0,0:0:0:0:
320,192,88438,1,0,0:0:0:0:
192,192,88438,1,0,0:0:0:0:
64,192,88623,128,0,88809:0:0:0:0:
192,192,88901,1,0,0:0:0:0:
64,192,88994,1,0,0:0:0:0:
192,192,89086,1,0,0:0:0:0:
320,192,89179,128,0,89457:0:0:0:0:
448,192,89179,128,0,89457:0:0:0:0:
64,192,89179,1,0,0:0:0:0:
192,192,89457,128,0,89734:0:0:0:0:
64,192,89457,128,0,89734:0:0:0:0:
320,192,89734,1,0,0:0:0:0:
448,192,89734,1,0,0:0:0:0:
448,192,89920,1,0,0:0:0:0:
64,192,90012,1,0,0:0:0:0:
64,192,90197,1,0,0:0:0:0:
448,192,90290,1,0,0:0:0:0:
320,192,90290,1,0,0:0:0:0:
192,192,90290,1,0,0:0:0:0:
64,192,90475,1,0,0:0:0:0:
192,192,90475,1,0,0:0:0:0:
320,192,90475,1,0,0:0:0:0:
64,192,90660,1,0,0:0:0:0:
192,192,90660,1,0,0:0:0:0:
320,192,90660,1,0,0:0:0:0:
448,192,90846,1,0,0:0:0:0:
320,192,90938,1,0,0:0:0:0:
192,192,91031,1,0,0:0:0:0:
448,192,91123,1,0,0:0:0:0:
320,192,91216,1,0,0:0:0:0:
448,192,91309,1,0,0:0:0:0:
192,192,91401,128,0,91679:0:0:0:0:
64,192,91401,128,0,91679:0:0:0:0:
320,192,91401,1,0,0:0:0:0:
64,192,91864,1,0,0:0:0:0:
320,192,91957,1,0,0:0:0:0:
448,192,91957,1,0,0:0:0:0:
64,192,92142,1,0,0:0:0:0:
448,192,92234,1,0,0:0:0:0:
320,192,92281,1,0,0:0:0:0:
192,192,92327,1,0,0:0:0:0:
448,192,92420,1,0,0:0:0:0:
64,192,92512,1,0,0:0:0:0:
192,192,92512,1,0,0:0:0:0:
320,192,92512,1,0,0:0:0:0:
448,192,92697,1,0,0:0:0:0:
320,192,92697,1,0,0:0:0:0:
192,192,92697,1,0,0:0:0:0:
448,192,92883,1,0,0:0:0:0:
320,192,92883,1,0,0:0:0:0:
192,192,92883,1,0,0:0:0:0:
64,192,93068,128,0,93253:0:0:0:0:
448,192,93068,1,0,0:0:0:0:
192,192,93253,1,0,0:0:0:0:
320,192,93346,1,0,0:0:0:0:
192,192,93438,1,0,0:0:0:0:
320,192,93531,1,0,0:0:0:0:
64,192,93623,128,0,93901:0:0:0:0:
192,192,93623,1,0,0:0:0:0:
192,192,93809,1,0,0:0:0:0:
448,192,93901,128,0,94179:0:0:0:0:
320,192,93901,1,0,0:0:0:0:
64,192,94179,1,0,0:0:0:0:
192,192,94179,1,0,0:0:0:0:
320,192,94364,1,0,0:0:0:0:
448,192,94457,1,0,0:0:0:0:
64,192,94549,1,0,0:0:0:0:
192,192,94642,1,0,0:0:0:0:
320,192,94734,1,0,0:0:0:0:
448,192,94734,1,0,0:0:0:0:
64,192,94734,1,0,0:0:0:0:
192,192,95012,1,0,0:0:0:0:
320,192,95012,1,0,0:0:0:0:
448,192,95012,1,0,0:0:0:0:
320,192,95197,1,0,0:0:0:0:
192,192,95197,1,0,0:0:0:0:
448,192,95197,1,0,0:0:0:0:
320,192,95383,1,0,0:0:0:0:
192,192,95383,1,0,0:0:0:0:
64,192,95383,1,0,0:0:0:0:
64,192,95568,1,0,0:0:0:0:
192,192,95568,1,0,0:0:0:0:
320,192,95568,1,0,0:0:0:0:
448,192,95753,1,0,0:0:0:0:
320,192,95846,128,0,96309:0:0:0:0:
192,192,95846,128,0,96309:0:0:0:0:
64,192,96309,1,0,0:0:0:0:
448,192,96401,1,0,0:0:0:0:
448,192,96586,1,0,0:0:0:0:
64,192,96679,1,0,0:0:0:0:
64,192,96864,1,0,0:0:0:0:
320,192,96957,1,0,0:0:0:0:
448,192,96957,128,0,97327:0:0:0:0:
320,192,97142,1,0,0:0:0:0:
192,192,97327,128,0,97512:0:0:0:0:
64,192,97512,1,0,0:0:0:0:
448,192,97512,1,0,0:0:0:0:
192,192,97790,1,0,0:0:0:0:
320,192,97883,1,0,0:0:0:0:
64,192,97975,1,0,0:0:0:0:
448,192,97975,1,0,0:0:0:0:
320,192,98253,1,0,0:0:0:0:
64,192,98346,1,0,0:0:0:0:
448,192,98346,1,0,0:0:0:0:
192,192,98623,128,0,98901:0:0:0:0:
448,192,99086,1,0,0:0:0:0:
320,192,99179,1,0,0:0:0:0:
192,192,99179,1,0,0:0:0:0:
64,192,99179,1,0,0:0:0:0:
448,192,99364,1,0,0:0:0:0:
320,192,99457,1,0,0:0:0:0:
192,192,99549,1,0,0:0:0:0:
64,192,99642,1,0,0:0:0:0:
448,192,99734,1,0,0:0:0:0:
448,192,99920,1,0,0:0:0:0:
64,192,100012,1,0,0:0:0:0:
320,192,100105,1,0,0:0:0:0:
192,192,100151,1,0,0:0:0:0:
320,192,100290,128,0,100660:0:0:0:0:
448,192,100290,128,0,100660:0:0:0:0:
64,192,100753,1,0,0:0:0:0:
320,192,100846,1,0,0:0:0:0:
448,192,100846,1,0,0:0:0:0:
192,192,100846,1,0,0:0:0:0:
448,192,101031,1,0,0:0:0:0:
448,192,101309,1,0,0:0:0:0:
320,192,101355,1,0,0:0:0:0:
192,192,101401,1,0,0:0:0:0:
64,192,101401,1,0,0:0:0:0:
64,192,101586,1,0,0:0:0:0:
64,192,101864,1,0,0:0:0:0:
192,192,101910,1,0,0:0:0:0:
320,192,101957,1,0,0:0:0:0:
448,192,101957,1,0,0:0:0:0:
320,192,102142,1,0,0:0:0:0:
64,192,102234,1,0,0:0:0:0:
448,192,102234,1,0,0:0:0:0:
192,192,102420,1,0,0:0:0:0:
64,192,102512,1,0,0:0:0:0:
320,192,102512,1,0,0:0:0:0:
448,192,102790,1,0,0:0:0:0:
320,192,102790,1,0,0:0:0:0:
192,192,102883,1,0,0:0:0:0:
320,192,102975,1,0,0:0:0:0:
192,192,103068,1,0,0:0:0:0:
64,192,103068,1,0,0:0:0:0:
320,192,103438,1,0,0:0:0:0:
192,192,103531,1,0,0:0:0:0:
64,192,103623,1,0,0:0:0:0:
448,192,103901,1,0,0:0:0:0:
320,192,103994,1,0,0:0:0:0:
192,192,104086,1,0,0:0:0:0:
64,192,104179,1,0,0:0:0:0:
192,192,104271,1,0,0:0:0:0:
320,192,104364,1,0,0:0:0:0:
448,192,104457,1,0,0:0:0:0:
320,192,104920,1,0,0:0:0:0:
448,192,105105,1,0,0:0:0:0:
192,192,105290,1,0,0:0:0:0:
192,192,105660,1,0,0:0:0:0:
320,192,105753,1,0,0:0:0:0:
448,192,105846,1,0,0:0:0:0:
64,192,106123,1,0,0:0:0:0:
192,192,106216,1,0,0:0:0:0:
320,192,106309,1,0,0:0:0:0:
448,192,106401,1,0,0:0:0:0:
320,192,106494,1,0,0:0:0:0:
192,192,106586,1,0,0:0:0:0:
64,192,106679,1,0,0:0:0:0:
448,192,107234,1,0,0:0:0:0:
64,192,107420,1,0,0:0:0:0:
192,192,107512,1,0,0:0:0:0:
64,192,107790,1,0,0:0:0:0:
448,192,107975,1,0,0:0:0:0:
320,192,108068,1,0,0:0:0:0:
448,192,108346,1,0,0:0:0:0:
64,192,108531,1,0,0:0:0:0:
192,192,108623,128,0,108901:0:0:0:0:
64,192,108901,1,0,0:0:0:0:
448,192,109086,1,0,0:0:0:0:
320,192,109179,1,0,0:0:0:0:
448,192,109734,1,0,0:0:0:0:
192,192,109734,1,0,0:0:0:0:
320,192,110475,1,0,0:0:0:0:
448,192,110475,1,0,0:0:0:0:
192,192,110660,1,0,0:0:0:0:
64,192,110660,1,0,0:0:0:0:
320,192,110846,1,0,0:0:0:0:
448,192,110846,1,0,0:0:0:0:
64,192,111401,1,0,0:0:0:0:
320,192,111401,1,0,0:0:0:0:
320,192,111679,128,0,111957:0:0:0:0:
192,192,111957,1,0,0:0:0:0:
64,192,111957,1,0,0:0:0:0:
448,192,111957,1,0,0:0:0:0:
320,192,112234,1,0,0:0:0:0:
192,192,112420,1,0,0:0:0:0:
64,192,112512,1,0,0:0:0:0:
320,192,112512,1,0,0:0:0:0:
448,192,112512,1,0,0:0:0:0:
192,192,112790,1,0,0:0:0:0:
320,192,112975,1,0,0:0:0:0:
192,192,113068,1,0,0:0:0:0:
64,192,113068,1,0,0:0:0:0:
448,192,113068,1,0,0:0:0:0:
64,192,113253,1,0,0:0:0:0:
320,192,113346,1,0,0:0:0:0:
192,192,113531,1,0,0:0:0:0:
64,192,113623,1,0,0:0:0:0:
320,192,113623,1,0,0:0:0:0:
448,192,113623,1,0,0:0:0:0:
192,192,113809,1,0,0:0:0:0:
320,192,113994,1,0,0:0:0:0:
448,192,114179,1,0,0:0:0:0:
192,192,114179,1,0,0:0:0:0:
64,192,114179,1,0,0:0:0:0:
448,192,114549,1,0,0:0:0:0:
448,192,114734,1,0,0:0:0:0:
320,192,114734,1,0,0:0:0:0:
192,192,114734,1,0,0:0:0:0:
448,192,115012,1,0,0:0:0:0:
448,192,115197,1,0,0:0:0:0:
320,192,115290,1,0,0:0:0:0:
192,192,115290,1,0,0:0:0:0:
64,192,115290,1,0,0:0:0:0:
448,192,115475,1,0,0:0:0:0:
320,192,115568,1,0,0:0:0:0:
192,192,115660,1,0,0:0:0:0:
64,192,115753,1,0,0:0:0:0:
192,192,115846,1,0,0:0:0:0:
320,192,115846,1,0,0:0:0:0:
448,192,115846,1,0,0:0:0:0:
64,192,116123,1,0,0:0:0:0:
320,192,116123,1,0,0:0:0:0:
448,192,116123,1,0,0:0:0:0:
320,192,116309,1,0,0:0:0:0:
448,192,116309,1,0,0:0:0:0:
192,192,116401,1,0,0:0:0:0:
64,192,116401,1,0,0:0:0:0:
64,192,116679,1,0,0:0:0:0:
192,192,116679,1,0,0:0:0:0:
320,192,116679,1,0,0:0:0:0:
64,192,116957,1,0,0:0:0:0:
320,192,116957,1,0,0:0:0:0:
448,192,116957,1,0,0:0:0:0:
448,192,117234,1,0,0:0:0:0:
320,192,117234,1,0,0:0:0:0:
192,192,117234,1,0,0:0:0:0:
64,192,117420,1,0,0:0:0:0:
192,192,117420,1,0,0:0:0:0:
320,192,117512,1,0,0:0:0:0:
448,192,117512,1,0,0:0:0:0:
320,192,117697,1,0,0:0:0:0:
448,192,117697,1,0,0:0:0:0:
192,192,117790,1,0,0:0:0:0:
64,192,117790,1,0,0:0:0:0:
64,192,117975,1,0,0:0:0:0:
192,192,117975,1,0,0:0:0:0:
320,192,118068,1,0,0:0:0:0:
448,192,118068,1,0,0:0:0:0:
192,192,118160,1,0,0:0:0:0:
320,192,118253,1,0,0:0:0:0:
64,192,118346,1,0,0:0:0:0:
192,192,118392,1,0,0:0:0:0:
448,192,118438,1,0,0:0:0:0:
320,192,118484,1,0,0:0:0:0:
64,192,118531,1,0,0:0:0:0:
192,192,118577,1,0,0:0:0:0:
448,192,118623,128,0,119364:0:0:0:0:
320,192,118716,128,0,119364:0:0:0:0:
192,192,118809,128,0,119364:0:0:0:0:
64,192,119364,128,0,119549:0:0:0:0:
448,192,119549,128,0,119734:0:0:0:0:
64,192,119734,1,0,0:0:0:0:
192,192,119804,1,0,0:0:0:0:
320,192,119873,1,0,0:0:0:0:
448,192,119943,1,0,0:0:0:0:
64,192,120012,1,0,0:0:0:0:
192,192,120082,1,0,0:0:0:0:
320,192,120151,1,0,0:0:0:0:
448,192,120221,1,0,0:0:0:0:
64,192,120290,1,0,0:0:0:0:
192,192,120336,1,0,0:0:0:0:
320,192,120383,1,0,0:0:0:0:
448,192,120429,1,0,0:0:0:0:
64,192,120568,1,0,0:0:0:0:
192,192,120568,1,0,0:0:0:0:
448,192,120753,1,0,0:0:0:0:
320,192,120846,1,0,0:0:0:0:
320,192,121401,1,0,0:0:0:0:
192,192,121586,1,0,0:0:0:0:
448,192,121771,1,0,0:0:0:0:
64,192,121957,128,0,122142:0:0:0:0:
320,192,122234,1,0,0:0:0:0:
448,192,122234,128,0,122512:0:0:0:0:
192,192,122512,1,0,0:0:0:0:
64,192,122512,128,0,122790:0:0:0:0:
448,192,122790,1,0,0:0:0:0:
320,192,122790,128,0,123068:0:0:0:0:
192,192,123068,128,0,123346:0:0:0:0:
64,192,123346,1,0,0:0:0:0:
320,192,123346,1,0,0:0:0:0:
448,192,123346,1,0,0:0:0:0:
448,192,123531,128,0,123901:0:0:0:0:
320,192,123623,1,0,0:0:0:0:
192,192,123809,1,0,0:0:0:0:
320,192,123901,1,0,0:0:0:0:
64,192,123901,1,0,0:0:0:0:
448,192,124086,1,0,0:0:0:0:
320,192,124179,1,0,0:0:0:0:
192,192,124179,1,0,0:0:0:0:
64,192,124179,1,0,0:0:0:0:
448,192,124271,1,0,0:0:0:0:
64,192,124364,1,0,0:0:0:0:
192,192,124457,1,0,0:0:0:0:
448,192,124457,1,0,0:0:0:0:
320,192,124457,1,0,0:0:0:0:
64,192,124549,1,0,0:0:0:0:
448,192,124642,1,0,0:0:0:0:
320,192,124734,1,0,0:0:0:0:
192,192,124734,1,0,0:0:0:0:
64,192,124734,1,0,0:0:0:0:
448,192,124827,1,0,0:0:0:0:
64,192,124920,1,0,0:0:0:0:
192,192,125012,1,0,0:0:0:0:
320,192,125012,1,0,0:0:0:0:
448,192,125012,1,0,0:0:0:0:
64,192,125105,1,0,0:0:0:0:
448,192,125197,1,0,0:0:0:0:
320,192,125290,1,0,0:0:0:0:
192,192,125290,1,0,0:0:0:0:
64,192,125290,128,0,125568:0:0:0:0:
320,192,125568,1,0,0:0:0:0:
448,192,125568,1,0,0:0:0:0:
192,192,125660,1,0,0:0:0:0:
320,192,125753,1,0,0:0:0:0:
64,192,125846,1,0,0:0:0:0:
192,192,125846,1,0,0:0:0:0:
64,192,126031,1,0,0:0:0:0:
448,192,126123,1,0,0:0:0:0:
320,192,126123,1,0,0:0:0:0:
192,192,126401,1,0,0:0:0:0:
320,192,126401,1,0,0:0:0:0:
448,192,126401,1,0,0:0:0:0:
448,192,126679,1,0,0:0:0:0:
192,192,126679,1,0,0:0:0:0:
64,192,126679,1,0,0:0:0:0:
64,192,126957,1,0,0:0:0:0:
320,192,126957,1,0,0:0:0:0:
448,192,126957,1,0,0:0:0:0:
448,192,127234,1,0,0:0:0:0:
192,192,127234,1,0,0:0:0:0:
64,192,127234,1,0,0:0:0:0:
448,192,127512,1,0,0:0:0:0:
192,192,127512,1,0,0:0:0:0:
192,192,127697,1,0,0:0:0:0:
320,192,127697,1,0,0:0:0:0:
64,192,127883,1,0,0:0:0:0:
320,192,127883,1,0,0:0:0:0:
64,192,128068,1,0,0:0:0:0:
448,192,128068,1,0,0:0:0:0:
448,192,128253,1,0,0:0:0:0:
192,192,128253,1,0,0:0:0:0:
320,192,128438,1,0,0:0:0:0:
192,192,128438,1,0,0:0:0:0:
448,192,128623,1,0,0:0:0:0:
320,192,128670,1,0,0:0:0:0:
192,192,128716,1,0,0:0:0:0:
448,192,128809,1,0,0:0:0:0:
64,192,128901,1,0,0:0:0:0:
192,192,128947,1,0,0:0:0:0:
320,192,128994,1,0,0:0:0:0:
64,192,129086,1,0,0:0:0:0:
448,192,129179,1,0,0:0:0:0:
320,192,129225,1,0,0:0:0:0:
192,192,129271,1,0,0:0:0:0:
448,192,129364,1,0,0:0:0:0:
64,192,129457,1,0,0:0:0:0:
192,192,129549,1,0,0:0:0:0:
320,192,129642,1,0,0:0:0:0:
192,192,129734,1,0,0:0:0:0:
64,192,129734,1,0,0:0:0:0:
448,192,129734,128,0,130290:0:0:0:0:
192,192,130012,1,0,0:0:0:0:
320,192,130012,1,0,0:0:0:0:
64,192,130290,1,0,0:0:0:0:
192,192,130290,1,0,0:0:0:0:
448,192,130475,1,0,0:0:0:0:
192,192,130568,1,0,0:0:0:0:
320,192,130568,1,0,0:0:0:0:
64,192,130660,1,0,0:0:0:0:
320,192,130846,1,0,0:0:0:0:
448,192,130846,1,0,0:0:0:0:
320,192,131031,1,0,0:0:0:0:
192,192,131123,1,0,0:0:0:0:
64,192,131123,1,0,0:0:0:0:
192,192,131309,1,0,0:0:0:0:
320,192,131401,1,0,0:0:0:0:
448,192,131401,1,0,0:0:0:0:
320,192,131586,1,0,0:0:0:0:
192,192,131679,1,0,0:0:0:0:
64,192,131679,1,0,0:0:0:0:
192,192,131864,1,0,0:0:0:0:
320,192,131957,1,0,0:0:0:0:
448,192,131957,1,0,0:0:0:0:
64,192,131957,1,0,0:0:0:0:
448,192,132142,1,0,0:0:0:0:
320,192,132234,1,0,0:0:0:0:
192,192,132234,1,0,0:0:0:0:
64,192,132327,1,0,0:0:0:0:
448,192,132420,1,0,0:0:0:0:
64,192,132512,1,0,0:0:0:0:
192,192,132512,128,0,132697:0:0:0:0:
320,192,132697,128,0,132883:0:0:0:0:
448,192,132697,1,0,0:0:0:0:
192,192,132883,1,0,0:0:0:0:
64,192,132883,128,0,133068:0:0:0:0:
320,192,133068,1,0,0:0:0:0:
448,192,133068,128,0,133346:0:0:0:0:
192,192,133160,1,0,0:0:0:0:
64,192,133253,1,0,0:0:0:0:
320,192,133346,1,0,0:0:0:0:
192,192,133346,1,0,0:0:0:0:
64,192,133438,1,0,0:0:0:0:
448,192,133531,1,0,0:0:0:0:
320,192,133623,1,0,0:0:0:0:
64,192,133623,1,0,0:0:0:0:
192,192,133809,1,0,0:0:0:0:
320,192,133901,1,0,0:0:0:0:
192,192,133994,1,0,0:0:0:0:
320,192,134086,1,0,0:0:0:0:
448,192,134086,1,0,0:0:0:0:
64,192,134364,1,0,0:0:0:0:
192,192,134457,1,0,0:0:0:0:
320,192,134457,1,0,0:0:0:0:
448,192,134549,1,0,0:0:0:0:
64,192,134642,1,0,0:0:0:0:
192,192,134734,1,0,0:0:0:0:
448,192,134734,1,0,0:0:0:0:
192,192,135012,1,0,0:0:0:0:
320,192,135012,1,0,0:0:0:0:
64,192,135290,1,0,0:0:0:0:
320,192,135290,1,0,0:0:0:0:
448,192,135290,1,0,0:0:0:0:
448,192,135568,1,0,0:0:0:0:
192,192,135568,1,0,0:0:0:0:
64,192,135568,1,0,0:0:0:0:
64,192,135846,1,0,0:0:0:0:
192,192,135846,1,0,0:0:0:0:
320,192,135846,1,0,0:0:0:0:
192,192,136123,1,0,0:0:0:0:
320,192,136123,1,0,0:0:0:0:
448,192,136123,1,0,0:0:0:0:
64,192,136401,1,0,0:0:0:0:
192,192,136401,1,0,0:0:0:0:
320,192,136494,1,0,0:0:0:0:
448,192,136494,1,0,0:0:0:0:
192,192,136586,1,0,0:0:0:0:
64,192,136586,1,0,0:0:0:0:
320,192,136679,1,0,0:0:0:0:
448,192,136679,1,0,0:0:0:0:
192,192,136771,1,0,0:0:0:0:
64,192,136771,1,0,0:0:0:0:
320,192,136864,1,0,0:0:0:0:
448,192,136864,1,0,0:0:0:0:
192,192,136957,1,0,0:0:0:0:
64,192,136957,1,0,0:0:0:0:
448,192,137234,1,0,0:0:0:0:
320,192,137234,1,0,0:0:0:0:
64,192,137327,1,0,0:0:0:0:
192,192,137327,1,0,0:0:0:0:
320,192,137420,1,0,0:0:0:0:
448,192,137420,1,0,0:0:0:0:
192,192,137512,1,0,0:0:0:0:
64,192,137512,1,0,0:0:0:0:
320,192,137605,1,0,0:0:0:0:
448,192,137605,1,0,0:0:0:0:
192,192,137697,1,0,0:0:0:0:
64,192,137697,1,0,0:0:0:0:
320,192,137790,1,0,0:0:0:0:
448,192,137790,1,0,0:0:0:0:
64,192,138068,1,0,0:0:0:0:
192,192,138068,1,0,0:0:0:0:
320,192,138160,1,0,0:0:0:0:
448,192,138160,1,0,0:0:0:0:
192,192,138253,1,0,0:0:0:0:
64,192,138253,1,0,0:0:0:0:
320,192,138346,1,0,0:0:0:0:
448,192,138346,1,0,0:0:0:0:
192,192,138438,1,0,0:0:0:0:
64,192,138438,1,0,0:0:0:0:
320,192,138531,1,0,0:0:0:0:
448,192,138531,1,0,0:0:0:0:
64,192,138623,1,0,0:0:0:0:
192,192,138716,1,0,0:0:0:0:
320,192,138809,1,0,0:0:0:0:
64,192,138901,1,0,0:0:0:0:
192,192,138994,1,0,0:0:0:0:
320,192,139086,1,0,0:0:0:0:
448,192,139179,1,0,0:0:0:0:
64,192,139457,1,0,0:0:0:0:
192,192,139549,1,0,0:0:0:0:
320,192,139642,1,0,0:0:0:0:
64,192,139734,1,0,0:0:0:0:
192,192,139827,1,0,0:0:0:0:
320,192,139920,1,0,0:0:0:0:
448,192,140012,1,0,0:0:0:0:
448,192,140290,1,0,0:0:0:0:
320,192,140383,1,0,0:0:0:0:
192,192,140475,1,0,0:0:0:0:
320,192,140568,1,0,0:0:0:0:
192,192,140660,1,0,0:0:0:0:
64,192,140753,1,0,0:0:0:0:
320,192,140846,1,0,0:0:0:0:
448,192,140846,1,0,0:0:0:0:
192,192,140938,1,0,0:0:0:0:
64,192,140938,1,0,0:0:0:0:
320,192,141031,1,0,0:0:0:0:
448,192,141031,1,0,0:0:0:0:
192,192,141123,1,0,0:0:0:0:
64,192,141123,1,0,0:0:0:0:
320,192,141216,1,0,0:0:0:0:
448,192,141216,1,0,0:0:0:0:
192,192,141309,1,0,0:0:0:0:
64,192,141309,1,0,0:0:0:0:
320,192,141401,1,0,0:0:0:0:
448,192,141447,1,0,0:0:0:0:
192,192,141679,1,0,0:0:0:0:
64,192,141679,1,0,0:0:0:0:
320,192,141771,1,0,0:0:0:0:
448,192,141771,1,0,0:0:0:0:
192,192,141864,1,0,0:0:0:0:
64,192,141864,1,0,0:0:0:0:
320,192,141957,1,0,0:0:0:0:
448,192,141957,1,0,0:0:0:0:
192,192,142049,1,0,0:0:0:0:
64,192,142049,1,0,0:0:0:0:
320,192,142142,1,0,0:0:0:0:
448,192,142142,1,0,0:0:0:0:
192,192,142234,1,0,0:0:0:0:
64,192,142281,1,0,0:0:0:0:
320,192,142512,1,0,0:0:0:0:
448,192,142512,1,0,0:0:0:0:
192,192,142605,1,0,0:0:0:0:
64,192,142605,1,0,0:0:0:0:
320,192,142697,1,0,0:0:0:0:
448,192,142697,1,0,0:0:0:0:
192,192,142790,1,0,0:0:0:0:
64,192,142790,1,0,0:0:0:0:
320,192,142883,1,0,0:0:0:0:
448,192,142883,1,0,0:0:0:0:
192,192,142975,1,0,0:0:0:0:
64,192,142975,1,0,0:0:0:0:
320,192,143068,128,0,143623:0:0:0:0:
448,192,143623,128,0,143901:0:0:0:0:
64,192,144179,1,0,0:0:0:0:
192,192,144179,1,0,0:0:0:0:
320,192,144271,1,0,0:0:0:0:
448,192,144364,1,0,0:0:0:0:
320,192,144457,1,0,0:0:0:0:
64,192,144457,1,0,0:0:0:0:
192,192,144549,1,0,0:0:0:0:
64,192,144642,1,0,0:0:0:0:
448,192,144734,1,0,0:0:0:0:
320,192,144734,1,0,0:0:0:0:
64,192,144804,1,0,0:0:0:0:
192,192,144873,1,0,0:0:0:0:
448,192,144943,1,0,0:0:0:0:
320,192,145012,1,0,0:0:0:0:
64,192,145082,1,0,0:0:0:0:
192,192,145151,1,0,0:0:0:0:
320,192,145290,128,0,145475:0:0:0:0:
448,192,145290,128,0,145475:0:0:0:0:
64,192,145568,1,0,0:0:0:0:
192,192,145660,1,0,0:0:0:0:
64,192,145753,1,0,0:0:0:0:
320,192,145846,1,0,0:0:0:0:
192,192,146123,128,0,146309:0:0:0:0:
64,192,146123,128,0,146309:0:0:0:0:
448,192,146401,1,0,0:0:0:0:
320,192,146494,1,0,0:0:0:0:
448,192,146586,1,0,0:0:0:0:
192,192,146679,1,0,0:0:0:0:
320,192,146957,128,0,147142:0:0:0:0:
448,192,146957,128,0,147142:0:0:0:0:
64,192,147234,1,0,0:0:0:0:
192,192,147327,1,0,0:0:0:0:
64,192,147420,1,0,0:0:0:0:
320,192,147512,1,0,0:0:0:0:
192,192,147790,128,0,147975:0:0:0:0:
64,192,147790,128,0,147975:0:0:0:0:
448,192,148068,1,0,0:0:0:0:
320,192,148160,1,0,0:0:0:0:
192,192,148207,1,0,0:0:0:0:
448,192,148253,1,0,0:0:0:0:
64,192,148346,1,0,0:0:0:0:
192,192,148531,1,0,0:0:0:0:
320,192,148623,128,0,148809:0:0:0:0:
448,192,148623,128,0,148809:0:0:0:0:
64,192,148901,1,0,0:0:0:0:
192,192,148901,1,0,0:0:0:0:
320,192,148994,1,0,0:0:0:0:
448,192,148994,1,0,0:0:0:0:
192,192,149086,1,0,0:0:0:0:
64,192,149086,1,0,0:0:0:0:
320,192,149179,1,0,0:0:0:0:
448,192,149179,1,0,0:0:0:0:
192,192,149457,128,0,149642:0:0:0:0:
64,192,149457,128,0,149642:0:0:0:0:
320,192,149734,1,0,0:0:0:0:
448,192,149734,1,0,0:0:0:0:
192,192,149827,1,0,0:0:0:0:
64,192,149827,1,0,0:0:0:0:
320,192,149920,1,0,0:0:0:0:
448,192,149920,1,0,0:0:0:0:
192,192,150012,1,0,0:0:0:0:
64,192,150012,1,0,0:0:0:0:
320,192,150290,128,0,150475:0:0:0:0:
448,192,150290,128,0,150475:0:0:0:0:
192,192,150568,1,0,0:0:0:0:
64,192,150568,1,0,0:0:0:0:
320,192,150660,1,0,0:0:0:0:
448,192,150660,1,0,0:0:0:0:
192,192,150753,1,0,0:0:0:0:
64,192,150753,1,0,0:0:0:0:
320,192,150846,1,0,0:0:0:0:
448,192,150846,1,0,0:0:0:0:
64,192,151123,1,0,0:0:0:0:
320,192,151216,1,0,0:0:0:0:
192,192,151262,1,0,0:0:0:0:
64,192,151309,1,0,0:0:0:0:
448,192,151401,1,0,0:0:0:0:
192,192,151494,1,0,0:0:0:0:
320,192,151540,1,0,0:0:0:0:
448,192,151586,1,0,0:0:0:0:
64,192,151679,1,0,0:0:0:0:
320,192,151771,1,0,0:0:0:0:
192,192,151818,1,0,0:0:0:0:
64,192,151864,1,0,0:0:0:0:
448,192,151957,1,0,0:0:0:0:
192,192,152049,1,0,0:0:0:0:
320,192,152096,1,0,0:0:0:0:
448,192,152142,1,0,0:0:0:0:
64,192,152234,1,0,0:0:0:0:
320,192,152327,1,0,0:0:0:0:
192,192,152373,1,0,0:0:0:0:
64,192,152420,1,0,0:0:0:0:
448,192,152512,1,0,0:0:0:0:
192,192,152605,1,0,0:0:0:0:
320,192,152651,1,0,0:0:0:0:
448,192,152697,1,0,0:0:0:0:
192,192,152790,1,0,0:0:0:0:
448,192,152883,1,0,0:0:0:0:
64,192,152929,1,0,0:0:0:0:
192,192,152975,1,0,0:0:0:0:
320,192,153068,1,0,0:0:0:0:
64,192,153160,1,0,0:0:0:0:
448,192,153207,1,0,0:0:0:0:
320,192,153253,1,0,0:0:0:0:
192,192,153346,1,0,0:0:0:0:
448,192,153438,1,0,0:0:0:0:
64,192,153484,1,0,0:0:0:0:
192,192,153531,1,0,0:0:0:0:
320,192,153623,1,0,0:0:0:0:
64,192,153716,1,0,0:0:0:0:
448,192,153762,1,0,0:0:0:0:
320,192,153809,1,0,0:0:0:0:
192,192,153901,1,0,0:0:0:0:
448,192,153994,1,0,0:0:0:0:
64,192,154040,1,0,0:0:0:0:
192,192,154086,1,0,0:0:0:0:
320,192,154179,1,0,0:0:0:0:
64,192,154271,1,0,0:0:0:0:
448,192,154318,1,0,0:0:0:0:
320,192,154364,1,0,0:0:0:0:
192,192,155290,128,0,159734:0:0:0:0:
320,192,155290,128,0,159734:0:0:0:0:
64,192,159734,128,0,159920:0:0:0:0:
448,192,159734,128,0,159920:0:0:0:0:
192,192,159920,1,0,0:0:0:0:
320,192,159920,1,0,0:0:0:0:
